0_1a5e21a5633e1134ebd90840d80c9784 0.281 325 339 340 338 340 358 325 359 shortside
0_1a5e21a5633e1134ebd90840d80c9784 0.324 378 346 393 346 393 365 378 365 shortside
0_1a5e21a5633e1134ebd90840d80c9784 0.378 350 248 381 247 383 349 352 350 longside
0_1a5e21a5633e1134ebd90840d80c9784 0.420 324 354 338 353 339 371 325 372 shortside
0_1a5e21a5633e1134ebd90840d80c9784 0.427 309 239 354 238 358 372 313 373 longside
0_1a5e21a5633e1134ebd90840d80c9784 0.532 327 254 374 254 376 365 329 365 longside
0_1a5e21a5633e1134ebd90840d80c9784 0.556 310 334 310 285 405 287 405 336 longside
0_1a5e21a5633e1134ebd90840d80c9784 0.577 403 340 404 378 316 381 315 343 longside
0_1a5e21a5633e1134ebd90840d80c9784 0.614 409 257 410 304 312 306 311 259 longside
0_1a5e21a5633e1134ebd90840d80c9784 0.717 403 315 404 362 312 364 311 317 longside
