0_1b7264d3e613c3506deb5b7b0e31a448 0.285 332 297 337 325 289 334 284 306 shortside
0_1b7264d3e613c3506deb5b7b0e31a448 0.291 275 303 299 298 308 336 284 341 longside
0_1b7264d3e613c3506deb5b7b0e31a448 0.304 387 289 391 317 348 324 344 296 shortside
0_1b7264d3e613c3506deb5b7b0e31a448 0.323 267 306 297 299 306 339 276 346 shortside
0_1b7264d3e613c3506deb5b7b0e31a448 0.325 320 300 339 297 343 325 324 328 longside
0_1b7264d3e613c3506deb5b7b0e31a448 0.335 352 294 357 320 311 329 306 303 shortside
0_1b7264d3e613c3506deb5b7b0e31a448 0.342 294 305 315 301 321 330 300 334 longside
0_1b7264d3e613c3506deb5b7b0e31a448 0.354 352 296 371 294 375 323 356 325 longside
0_1b7264d3e613c3506deb5b7b0e31a448 0.358 334 299 355 295 361 324 340 328 longside
0_1b7264d3e613c3506deb5b7b0e31a448 0.373 344 298 363 295 367 323 348 326 longside
0_1b7264d3e613c3506deb5b7b0e31a448 0.406 372 282 403 279 407 323 376 326 longside
