0_1bc570042bcd1d95d810b14a81e12eca 0.285 300 325 317 344 283 374 266 355 longside
0_1bc570042bcd1d95d810b14a81e12eca 0.287 315 332 339 354 298 399 274 377 longside
0_1bc570042bcd1d95d810b14a81e12eca 0.301 330 353 348 370 315 406 297 389 longside
0_1bc570042bcd1d95d810b14a81e12eca 0.305 274 298 295 280 327 315 306 333 longside
0_1bc570042bcd1d95d810b14a81e12eca 0.307 337 368 356 351 390 391 371 408 longside
0_1bc570042bcd1d95d810b14a81e12eca 0.353 305 268 338 298 290 349 257 319 longside
0_1bc570042bcd1d95d810b14a81e12eca 0.556 376 277 412 315 305 414 269 376 longside
0_1bc570042bcd1d95d810b14a81e12eca 0.581 359 236 394 203 476 291 441 324 longside
0_1bc570042bcd1d95d810b14a81e12eca 0.592 251 305 287 265 412 378 376 418 longside
0_1bc570042bcd1d95d810b14a81e12eca 0.682 441 206 474 241 384 325 351 290 longside
