0_1d97a9d737e457d2aef93de063ae2d65 0.252 507 356 542 363 528 433 493 426 ShortSide_forGripper
0_1d97a9d737e457d2aef93de063ae2d65 0.284 456 189 491 180 509 256 474 265 ShortSide_forGripper
0_1d97a9d737e457d2aef93de063ae2d65 0.301 493 239 494 246 472 250 471 243 LongSide_forGripper
0_1d97a9d737e457d2aef93de063ae2d65 0.308 416 240 433 220 465 247 448 267 ShortSide_forGripper
0_1d97a9d737e457d2aef93de063ae2d65 0.330 229 306 277 298 298 429 250 437 ShortSide_forGripper
0_1d97a9d737e457d2aef93de063ae2d65 0.331 543 367 546 376 524 382 521 373 LongSide_forGripper
0_1d97a9d737e457d2aef93de063ae2d65 0.364 429 316 465 340 430 391 394 367 ShortSide_forGripper
0_1d97a9d737e457d2aef93de063ae2d65 0.390 358 264 375 243 429 287 412 308 ShortSide_forGripper
0_1d97a9d737e457d2aef93de063ae2d65 0.424 240 317 275 300 327 412 292 429 ShortSide_forGripper
0_1d97a9d737e457d2aef93de063ae2d65 0.464 358 272 385 238 453 291 426 325 ShortSide_forGripper
0_1d97a9d737e457d2aef93de063ae2d65 0.628 297 290 341 270 386 371 342 391 ShortSide_forGripper
0_1d97a9d737e457d2aef93de063ae2d65 0.687 262 310 304 285 361 383 319 408 ShortSide_forGripper
