0_1eb4bc0cea4ba47c8186c25526ebdaa6 0.253 338 286 368 279 381 333 351 340 longside
0_1eb4bc0cea4ba47c8186c25526ebdaa6 0.259 361 288 370 320 308 339 299 307 longside
0_1eb4bc0cea4ba47c8186c25526ebdaa6 0.264 349 286 361 325 306 341 294 302 shortside
0_1eb4bc0cea4ba47c8186c25526ebdaa6 0.299 391 289 403 321 356 340 344 308 longside
0_1eb4bc0cea4ba47c8186c25526ebdaa6 0.312 319 296 347 288 358 329 330 337 longside
0_1eb4bc0cea4ba47c8186c25526ebdaa6 0.342 303 299 331 291 342 332 314 340 longside
0_1eb4bc0cea4ba47c8186c25526ebdaa6 0.370 407 342 415 371 366 385 358 356 longside
0_1eb4bc0cea4ba47c8186c25526ebdaa6 0.424 394 301 410 343 359 362 343 320 longside
0_1eb4bc0cea4ba47c8186c25526ebdaa6 0.470 289 302 318 294 330 341 301 349 longside
0_1eb4bc0cea4ba47c8186c25526ebdaa6 0.528 397 326 407 353 362 369 352 342 longside
