0_2a603487e6768bd8888d1d784d0aa176 0.251 361 250 384 233 418 277 395 294 longside
0_2a603487e6768bd8888d1d784d0aa176 0.292 330 306 352 331 299 377 277 352 longside
0_2a603487e6768bd8888d1d784d0aa176 0.301 415 256 435 278 374 331 354 309 longside
0_2a603487e6768bd8888d1d784d0aa176 0.303 361 266 391 302 322 359 292 323 longside
0_2a603487e6768bd8888d1d784d0aa176 0.305 382 276 400 298 347 341 329 319 longside
0_2a603487e6768bd8888d1d784d0aa176 0.338 336 272 355 294 309 331 290 309 longside
0_2a603487e6768bd8888d1d784d0aa176 0.359 373 233 391 253 352 288 334 268 longside
0_2a603487e6768bd8888d1d784d0aa176 0.402 368 248 395 282 327 335 300 301 longside
0_2a603487e6768bd8888d1d784d0aa176 0.417 396 232 425 267 363 319 334 284 longside
0_2a603487e6768bd8888d1d784d0aa176 0.427 312 271 337 300 279 348 254 319 longside
0_2a603487e6768bd8888d1d784d0aa176 0.439 397 246 426 281 350 345 321 310 longside
0_2a603487e6768bd8888d1d784d0aa176 0.480 350 277 380 313 301 380 271 344 longside
