0_2b70bd35951137534316d3320fdfa899 0.266 350 256 387 230 445 313 408 339 ShortSide_forGripper
0_2b70bd35951137534316d3320fdfa899 0.280 354 236 380 227 397 275 371 284 ShortSide_forGripper
0_2b70bd35951137534316d3320fdfa899 0.312 243 583 290 597 270 668 223 654 ShortSide_forGripper
0_2b70bd35951137534316d3320fdfa899 0.345 280 586 308 599 271 683 243 670 ShortSide_forGripper
0_2b70bd35951137534316d3320fdfa899 0.356 395 271 418 269 422 314 399 316 ShortSide_forGripper
0_2b70bd35951137534316d3320fdfa899 0.416 400 327 402 361 351 364 349 330 ShortSide_forGripper
0_2b70bd35951137534316d3320fdfa899 0.444 282 300 293 265 347 283 336 318 ShortSide_forGripper
0_2b70bd35951137534316d3320fdfa899 0.446 384 304 387 278 431 283 428 309 ShortSide_forGripper
0_2b70bd35951137534316d3320fdfa899 0.503 209 639 223 591 318 620 304 668 ShortSide_forGripper
0_2b70bd35951137534316d3320fdfa899 0.541 394 239 404 263 361 280 351 256 ShortSide_forGripper
