0_2c567890888f7b40aca737c0176f3832 0.258 204 230 232 243 211 287 183 274 ShortSide_forGripper
0_2c567890888f7b40aca737c0176f3832 0.268 478 390 493 359 533 377 518 408 LongSide_forGripper
0_2c567890888f7b40aca737c0176f3832 0.280 467 342 497 353 480 401 450 390 ShortSide_forGripper
0_2c567890888f7b40aca737c0176f3832 0.290 239 245 275 260 256 306 220 291 ShortSide_forGripper
0_2c567890888f7b40aca737c0176f3832 0.295 289 263 327 277 306 330 268 316 ShortSide_forGripper
0_2c567890888f7b40aca737c0176f3832 0.312 391 299 429 315 404 376 366 360 ShortSide_forGripper
0_2c567890888f7b40aca737c0176f3832 0.320 481 349 512 362 494 404 463 391 ShortSide_forGripper
0_2c567890888f7b40aca737c0176f3832 0.322 336 279 373 294 351 350 314 335 ShortSide_forGripper
0_2c567890888f7b40aca737c0176f3832 0.329 214 233 247 247 227 296 194 282 ShortSide_forGripper
0_2c567890888f7b40aca737c0176f3832 0.331 415 314 454 328 432 385 393 371 ShortSide_forGripper
0_2c567890888f7b40aca737c0176f3832 0.333 494 357 522 368 507 406 479 395 ShortSide_forGripper
0_2c567890888f7b40aca737c0176f3832 0.335 258 247 296 263 273 318 235 302 ShortSide_forGripper
0_2c567890888f7b40aca737c0176f3832 0.356 365 289 403 304 380 364 342 349 ShortSide_forGripper
0_2c567890888f7b40aca737c0176f3832 0.375 433 319 470 334 448 390 411 375 ShortSide_forGripper
0_2c567890888f7b40aca737c0176f3832 0.395 450 331 482 346 461 392 429 377 ShortSide_forGripper
