0_2d06ac5a686122fa732b69095a1ced0e 0.253 463 319 466 300 498 306 495 325 shortside
0_2d06ac5a686122fa732b69095a1ced0e 0.260 244 142 254 170 215 185 205 157 longside
0_2d06ac5a686122fa732b69095a1ced0e 0.262 250 154 263 192 221 205 208 167 longside
0_2d06ac5a686122fa732b69095a1ced0e 0.265 190 194 209 218 171 247 152 223 longside
0_2d06ac5a686122fa732b69095a1ced0e 0.267 468 306 470 319 447 323 445 310 shortside
0_2d06ac5a686122fa732b69095a1ced0e 0.268 207 163 249 149 264 196 222 210 shortside
0_2d06ac5a686122fa732b69095a1ced0e 0.286 288 258 301 214 367 233 354 277 longside
0_2d06ac5a686122fa732b69095a1ced0e 0.294 285 360 290 328 336 335 331 367 longside
0_2d06ac5a686122fa732b69095a1ced0e 0.331 455 238 499 230 516 329 472 337 longside
0_2d06ac5a686122fa732b69095a1ced0e 0.338 294 254 345 259 337 359 286 354 longside
0_2d06ac5a686122fa732b69095a1ced0e 0.349 404 249 441 244 453 330 416 335 longside
0_2d06ac5a686122fa732b69095a1ced0e 0.350 367 262 378 310 282 333 271 285 longside
0_2d06ac5a686122fa732b69095a1ced0e 0.365 381 247 417 240 432 326 396 333 longside
0_2d06ac5a686122fa732b69095a1ced0e 0.390 318 200 328 173 379 191 369 218 longside
0_2d06ac5a686122fa732b69095a1ced0e 0.403 298 239 314 197 371 218 355 260 longside
0_2d06ac5a686122fa732b69095a1ced0e 0.519 317 192 333 147 388 167 372 212 longside
0_2d06ac5a686122fa732b69095a1ced0e 0.523 332 160 344 131 395 153 383 182 longside
0_2d06ac5a686122fa732b69095a1ced0e 0.553 306 223 321 181 373 200 358 242 longside
