0_2dc587e4fc90b9c9102b634f663e3abd 0.255 323 320 336 344 298 365 285 341 ShortSide_forGripper
0_2dc587e4fc90b9c9102b634f663e3abd 0.256 313 326 325 353 286 371 274 344 LongSide_forGripper
0_2dc587e4fc90b9c9102b634f663e3abd 0.260 406 227 419 246 373 278 360 259 ShortSide_forGripper
0_2dc587e4fc90b9c9102b634f663e3abd 0.263 293 305 296 280 366 290 363 315 ShortSide_forGripper
0_2dc587e4fc90b9c9102b634f663e3abd 0.268 296 274 320 265 337 311 313 320 ShortSide_forGripper
0_2dc587e4fc90b9c9102b634f663e3abd 0.268 305 241 348 225 382 318 339 334 ShortSide_forGripper
0_2dc587e4fc90b9c9102b634f663e3abd 0.271 344 310 346 286 413 289 411 313 ShortSide_forGripper
0_2dc587e4fc90b9c9102b634f663e3abd 0.277 332 307 346 261 441 292 427 338 ShortSide_forGripper
0_2dc587e4fc90b9c9102b634f663e3abd 0.288 282 339 303 329 319 360 298 370 ShortSide_forGripper
0_2dc587e4fc90b9c9102b634f663e3abd 0.288 389 315 414 311 422 364 397 368 ShortSide_forGripper
0_2dc587e4fc90b9c9102b634f663e3abd 0.293 342 264 351 290 293 311 284 285 ShortSide_forGripper
0_2dc587e4fc90b9c9102b634f663e3abd 0.300 302 328 321 316 341 349 322 361 ShortSide_forGripper
0_2dc587e4fc90b9c9102b634f663e3abd 0.304 384 240 388 215 423 221 419 246 ShortSide_forGripper
0_2dc587e4fc90b9c9102b634f663e3abd 0.316 349 356 351 333 410 339 408 362 ShortSide_forGripper
0_2dc587e4fc90b9c9102b634f663e3abd 0.319 311 219 339 219 339 316 311 316 ShortSide_forGripper
0_2dc587e4fc90b9c9102b634f663e3abd 0.345 375 296 401 291 416 371 390 376 ShortSide_forGripper
0_2dc587e4fc90b9c9102b634f663e3abd 0.351 342 282 345 259 417 269 414 292 ShortSide_forGripper
0_2dc587e4fc90b9c9102b634f663e3abd 0.360 347 321 352 295 428 310 423 336 ShortSide_forGripper
0_2dc587e4fc90b9c9102b634f663e3abd 0.373 327 301 329 255 428 260 426 306 ShortSide_forGripper
0_2dc587e4fc90b9c9102b634f663e3abd 0.410 368 299 392 298 393 380 369 381 ShortSide_forGripper
0_2dc587e4fc90b9c9102b634f663e3abd 0.436 316 223 348 233 315 334 283 324 ShortSide_forGripper
0_2dc587e4fc90b9c9102b634f663e3abd 0.453 350 264 372 226 435 261 413 299 ShortSide_forGripper
0_2dc587e4fc90b9c9102b634f663e3abd 0.455 424 305 437 349 355 374 342 330 ShortSide_forGripper
0_2dc587e4fc90b9c9102b634f663e3abd 0.460 332 320 348 298 411 343 395 365 ShortSide_forGripper
0_2dc587e4fc90b9c9102b634f663e3abd 0.471 287 272 326 252 360 321 321 341 ShortSide_forGripper
0_2dc587e4fc90b9c9102b634f663e3abd 0.528 345 283 391 272 414 372 368 383 ShortSide_forGripper
