0_3a446526f643a8b17cb6063855e6199b 0.253 472 377 483 370 493 386 482 393 shortside
0_3a446526f643a8b17cb6063855e6199b 0.254 298 184 315 181 319 209 302 212 longside
0_3a446526f643a8b17cb6063855e6199b 0.259 358 412 365 403 381 415 374 424 shortside
0_3a446526f643a8b17cb6063855e6199b 0.284 341 393 353 386 362 402 350 409 shortside
0_3a446526f643a8b17cb6063855e6199b 0.291 359 220 359 209 384 211 384 222 shortside
0_3a446526f643a8b17cb6063855e6199b 0.323 365 209 366 218 344 222 343 213 shortside
0_3a446526f643a8b17cb6063855e6199b 0.350 348 212 350 220 329 225 327 217 shortside
0_3a446526f643a8b17cb6063855e6199b 0.446 354 210 356 218 337 223 335 215 shortside
0_3a446526f643a8b17cb6063855e6199b 0.587 333 272 347 323 262 345 248 294 longside
0_3a446526f643a8b17cb6063855e6199b 0.687 347 307 360 357 274 380 261 330 longside
0_3a446526f643a8b17cb6063855e6199b 0.706 331 247 344 292 256 316 243 271 longside
