0_3c5db21345130f0290f1eb8f29abcea8 0.258 356 247 364 235 385 248 377 260 shortside
0_3c5db21345130f0290f1eb8f29abcea8 0.261 396 234 398 244 377 249 375 239 shortside
0_3c5db21345130f0290f1eb8f29abcea8 0.286 371 233 379 212 436 236 428 257 longside
0_3c5db21345130f0290f1eb8f29abcea8 0.332 300 428 303 449 253 455 250 434 longside
0_3c5db21345130f0290f1eb8f29abcea8 0.351 419 202 455 224 422 277 386 255 longside
0_3c5db21345130f0290f1eb8f29abcea8 0.352 265 391 288 396 274 460 251 455 longside
0_3c5db21345130f0290f1eb8f29abcea8 0.381 360 227 384 188 455 232 431 271 longside
0_3c5db21345130f0290f1eb8f29abcea8 0.414 393 179 432 201 396 264 357 242 longside
0_3c5db21345130f0290f1eb8f29abcea8 0.487 250 416 261 398 305 425 294 443 longside
0_3c5db21345130f0290f1eb8f29abcea8 0.529 284 397 305 408 279 458 258 447 longside
0_3c5db21345130f0290f1eb8f29abcea8 0.593 239 432 257 394 316 423 298 461 longside
