0_3eb0cef3e6a31f964e836b238712b844 0.251 294 324 321 326 319 357 292 355 shortside
0_3eb0cef3e6a31f964e836b238712b844 0.254 270 320 270 265 426 265 426 320 longside
0_3eb0cef3e6a31f964e836b238712b844 0.266 294 311 322 311 322 341 294 341 shortside
0_3eb0cef3e6a31f964e836b238712b844 0.292 293 350 293 329 320 329 320 350 longside
0_3eb0cef3e6a31f964e836b238712b844 0.309 369 349 369 329 398 330 398 350 longside
0_3eb0cef3e6a31f964e836b238712b844 0.322 428 228 430 283 265 289 263 234 longside
0_3eb0cef3e6a31f964e836b238712b844 0.325 307 160 355 159 360 275 312 276 longside
0_3eb0cef3e6a31f964e836b238712b844 0.331 334 159 369 157 373 262 338 264 longside
0_3eb0cef3e6a31f964e836b238712b844 0.345 357 386 359 355 406 357 404 388 longside
0_3eb0cef3e6a31f964e836b238712b844 0.356 279 385 281 353 332 356 330 388 longside
0_3eb0cef3e6a31f964e836b238712b844 0.468 400 185 402 218 299 222 297 189 longside
0_3eb0cef3e6a31f964e836b238712b844 0.526 414 201 415 254 285 258 284 205 longside
