0_3ffae4454d205ac8bf23a820d8bbc1f8 0.251 320 221 332 185 399 206 387 242 ShortSide_forGripper
0_3ffae4454d205ac8bf23a820d8bbc1f8 0.254 381 368 387 399 346 407 340 376 ShortSide_forGripper
0_3ffae4454d205ac8bf23a820d8bbc1f8 0.262 352 417 382 411 389 450 359 456 LongSide_forGripper
0_3ffae4454d205ac8bf23a820d8bbc1f8 0.276 377 343 384 373 342 384 335 354 ShortSide_forGripper
0_3ffae4454d205ac8bf23a820d8bbc1f8 0.324 354 273 355 297 309 298 308 274 ShortSide_forGripper
0_3ffae4454d205ac8bf23a820d8bbc1f8 0.327 312 191 359 174 397 278 350 295 ShortSide_forGripper
0_3ffae4454d205ac8bf23a820d8bbc1f8 0.330 303 284 307 257 376 267 372 294 ShortSide_forGripper
0_3ffae4454d205ac8bf23a820d8bbc1f8 0.351 291 209 340 191 376 288 327 306 ShortSide_forGripper
0_3ffae4454d205ac8bf23a820d8bbc1f8 0.390 394 182 406 232 291 259 279 209 ShortSide_forGripper
0_3ffae4454d205ac8bf23a820d8bbc1f8 0.399 304 268 309 240 389 253 384 281 ShortSide_forGripper
0_3ffae4454d205ac8bf23a820d8bbc1f8 0.405 333 331 369 323 378 368 342 376 ShortSide_forGripper
0_3ffae4454d205ac8bf23a820d8bbc1f8 0.510 399 220 401 271 286 275 284 224 ShortSide_forGripper
