0_3fd2220368ddb07112c1524f812438c7 0.272 384 326 387 337 361 343 358 332 LongSide_forGripper
0_3fd2220368ddb07112c1524f812438c7 0.279 318 329 348 321 359 358 329 366 LongSide_forGripper
0_3fd2220368ddb07112c1524f812438c7 0.310 557 256 599 248 614 321 572 329 ShortSide_forGripper
0_3fd2220368ddb07112c1524f812438c7 0.328 592 251 634 242 647 308 605 317 ShortSide_forGripper
0_3fd2220368ddb07112c1524f812438c7 0.347 392 325 394 336 367 342 365 331 LongSide_forGripper
0_3fd2220368ddb07112c1524f812438c7 0.368 463 275 506 267 520 340 477 348 ShortSide_forGripper
0_3fd2220368ddb07112c1524f812438c7 0.388 400 322 404 333 375 341 371 330 LongSide_forGripper
0_3fd2220368ddb07112c1524f812438c7 0.401 528 260 570 252 585 327 543 335 ShortSide_forGripper
0_3fd2220368ddb07112c1524f812438c7 0.411 500 264 541 256 555 335 514 343 ShortSide_forGripper
0_3fd2220368ddb07112c1524f812438c7 0.425 321 327 347 317 362 356 336 366 ShortSide_forGripper
0_3fd2220368ddb07112c1524f812438c7 0.426 443 278 482 272 496 351 457 357 ShortSide_forGripper
0_3fd2220368ddb07112c1524f812438c7 0.455 420 288 455 279 473 351 438 360 ShortSide_forGripper
