0_4a66cd7a30f0a8531933ffef19678834 0.253 236 333 236 255 425 255 425 333 longside
0_4a66cd7a30f0a8531933ffef19678834 0.260 267 220 318 217 324 345 273 348 longside
0_4a66cd7a30f0a8531933ffef19678834 0.292 369 186 404 184 406 257 371 259 longside
0_4a66cd7a30f0a8531933ffef19678834 0.294 293 192 345 183 360 271 308 280 longside
0_4a66cd7a30f0a8531933ffef19678834 0.300 331 215 380 210 394 348 345 353 longside
0_4a66cd7a30f0a8531933ffef19678834 0.322 347 187 383 181 396 256 360 262 longside
0_4a66cd7a30f0a8531933ffef19678834 0.326 268 203 308 196 321 264 281 271 longside
0_4a66cd7a30f0a8531933ffef19678834 0.331 273 161 332 155 354 364 295 370 longside
0_4a66cd7a30f0a8531933ffef19678834 0.379 302 164 360 157 381 355 323 362 longside
0_4a66cd7a30f0a8531933ffef19678834 0.395 439 326 468 330 456 427 427 423 longside
0_4a66cd7a30f0a8531933ffef19678834 0.407 231 372 237 318 336 329 330 383 longside
0_4a66cd7a30f0a8531933ffef19678834 0.433 252 296 299 297 295 411 248 410 longside
0_4a66cd7a30f0a8531933ffef19678834 0.441 374 381 378 350 479 364 475 395 longside
0_4a66cd7a30f0a8531933ffef19678834 0.546 408 324 459 329 451 429 400 424 longside
0_4a66cd7a30f0a8531933ffef19678834 0.559 382 409 387 359 477 368 472 418 longside
0_4a66cd7a30f0a8531933ffef19678834 0.561 235 391 243 342 326 356 318 405 longside
