1_1b7264d3e613c3506deb5b7b0e31a448 0.262 379 321 403 325 398 354 374 350 LongSide_forGripper
1_1b7264d3e613c3506deb5b7b0e31a448 0.265 392 314 422 319 415 365 385 360 LongSide_forGripper
1_1b7264d3e613c3506deb5b7b0e31a448 0.287 308 337 314 306 363 316 357 347 LongSide_forGripper
1_1b7264d3e613c3506deb5b7b0e31a448 0.289 290 292 330 302 317 355 277 345 ShortSide_forGripper
1_1b7264d3e613c3506deb5b7b0e31a448 0.312 372 317 392 321 387 352 367 348 ShortSide_forGripper
1_1b7264d3e613c3506deb5b7b0e31a448 0.342 355 313 378 317 372 350 349 346 ShortSide_forGripper
1_1b7264d3e613c3506deb5b7b0e31a448 0.354 340 343 344 315 391 322 387 350 LongSide_forGripper
1_1b7264d3e613c3506deb5b7b0e31a448 0.375 388 318 411 321 405 359 382 356 ShortSide_forGripper
1_1b7264d3e613c3506deb5b7b0e31a448 0.388 340 311 361 316 355 346 334 341 ShortSide_forGripper
1_1b7264d3e613c3506deb5b7b0e31a448 0.390 298 304 318 310 309 343 289 337 ShortSide_forGripper
1_1b7264d3e613c3506deb5b7b0e31a448 0.392 329 306 354 310 348 347 323 343 ShortSide_forGripper
1_1b7264d3e613c3506deb5b7b0e31a448 0.415 379 320 400 323 396 353 375 350 ShortSide_forGripper
1_1b7264d3e613c3506deb5b7b0e31a448 0.433 405 315 428 321 418 366 395 360 ShortSide_forGripper
1_1b7264d3e613c3506deb5b7b0e31a448 0.456 316 302 340 306 333 345 309 341 ShortSide_forGripper
