1_1bfb8d6c48a6f9e9919d5cd6b2dafe1c 0.256 320 282 327 255 375 267 368 294 longside
1_1bfb8d6c48a6f9e9919d5cd6b2dafe1c 0.258 383 333 398 337 392 358 377 354 shortside
1_1bfb8d6c48a6f9e9919d5cd6b2dafe1c 0.283 294 313 298 269 377 276 373 320 longside
1_1bfb8d6c48a6f9e9919d5cd6b2dafe1c 0.297 342 251 344 229 385 232 383 254 longside
1_1bfb8d6c48a6f9e9919d5cd6b2dafe1c 0.300 293 374 302 326 400 345 391 393 longside
1_1bfb8d6c48a6f9e9919d5cd6b2dafe1c 0.347 244 237 273 242 263 304 234 299 longside
1_1bfb8d6c48a6f9e9919d5cd6b2dafe1c 0.359 313 318 316 291 372 297 369 324 longside
1_1bfb8d6c48a6f9e9919d5cd6b2dafe1c 0.369 323 266 336 234 384 253 371 285 longside
1_1bfb8d6c48a6f9e9919d5cd6b2dafe1c 0.383 310 336 311 312 373 315 372 339 longside
1_1bfb8d6c48a6f9e9919d5cd6b2dafe1c 0.447 265 237 291 242 280 312 254 307 longside
1_1bfb8d6c48a6f9e9919d5cd6b2dafe1c 0.447 470 254 493 259 481 313 458 308 longside
1_1bfb8d6c48a6f9e9919d5cd6b2dafe1c 0.459 300 360 304 314 381 319 377 365 longside
1_1bfb8d6c48a6f9e9919d5cd6b2dafe1c 0.481 463 239 488 244 470 326 445 321 longside
1_1bfb8d6c48a6f9e9919d5cd6b2dafe1c 0.544 405 297 416 252 520 278 509 323 longside
1_1bfb8d6c48a6f9e9919d5cd6b2dafe1c 0.625 215 291 220 248 320 258 315 301 longside
