1_1cec41755e0f17f2ea8b2280a82aa634 0.253 334 36 337 15 383 21 380 42 LongSide_forGripper
1_1cec41755e0f17f2ea8b2280a82aa634 0.253 288 25 291 7 327 14 324 32 LongSide_forGripper
1_1cec41755e0f17f2ea8b2280a82aa634 0.257 415 49 418 30 462 36 459 55 LongSide_forGripper
1_1cec41755e0f17f2ea8b2280a82aa634 0.261 318 32 321 12 367 19 364 39 LongSide_forGripper
1_1cec41755e0f17f2ea8b2280a82aa634 0.268 451 53 454 35 496 44 493 62 LongSide_forGripper
1_1cec41755e0f17f2ea8b2280a82aa634 0.272 373 225 388 172 470 196 455 249 ShortSide_forGripper
1_1cec41755e0f17f2ea8b2280a82aa634 0.275 431 52 434 33 476 39 473 58 LongSide_forGripper
1_1cec41755e0f17f2ea8b2280a82aa634 0.280 65 393 73 368 126 384 118 409 LongSide_forGripper
1_1cec41755e0f17f2ea8b2280a82aa634 0.293 479 125 525 139 496 242 450 228 ShortSide_forGripper
1_1cec41755e0f17f2ea8b2280a82aa634 0.314 400 427 402 418 421 424 419 433 LongSide_forGripper
