1_2aa4b276a52092953a938fdd57fac3b4 0.252 460 278 470 306 427 321 417 293 ShortSide_forGripper
1_2aa4b276a52092953a938fdd57fac3b4 0.257 309 360 330 386 280 427 259 401 ShortSide_forGripper
1_2aa4b276a52092953a938fdd57fac3b4 0.269 386 190 415 208 385 257 356 239 ShortSide_forGripper
1_2aa4b276a52092953a938fdd57fac3b4 0.281 356 166 395 176 375 251 336 241 ShortSide_forGripper
1_2aa4b276a52092953a938fdd57fac3b4 0.288 284 329 300 361 247 388 231 356 ShortSide_forGripper
1_2aa4b276a52092953a938fdd57fac3b4 0.304 330 176 362 182 353 235 321 229 ShortSide_forGripper
1_2aa4b276a52092953a938fdd57fac3b4 0.313 228 248 251 213 293 241 270 276 ShortSide_forGripper
1_2aa4b276a52092953a938fdd57fac3b4 0.330 290 180 321 174 333 233 302 239 ShortSide_forGripper
1_2aa4b276a52092953a938fdd57fac3b4 0.338 452 253 463 277 419 298 408 274 ShortSide_forGripper
1_2aa4b276a52092953a938fdd57fac3b4 0.344 309 175 341 175 342 234 310 234 ShortSide_forGripper
1_2aa4b276a52092953a938fdd57fac3b4 0.359 442 229 462 271 407 298 387 256 ShortSide_forGripper
1_2aa4b276a52092953a938fdd57fac3b4 0.362 279 309 295 351 238 372 222 330 ShortSide_forGripper
1_2aa4b276a52092953a938fdd57fac3b4 0.368 415 201 445 229 404 272 374 244 ShortSide_forGripper
1_2aa4b276a52092953a938fdd57fac3b4 0.370 259 197 296 176 328 234 291 255 ShortSide_forGripper
1_2aa4b276a52092953a938fdd57fac3b4 0.373 298 334 326 374 265 417 237 377 ShortSide_forGripper
1_2aa4b276a52092953a938fdd57fac3b4 0.401 245 221 272 196 306 234 279 259 ShortSide_forGripper
