1_2a3267758a3caeb7cf353869450feb9a 0.251 411 233 417 195 464 202 458 240 ShortSide_forGripper
1_2a3267758a3caeb7cf353869450feb9a 0.264 353 80 395 81 392 165 350 164 ShortSide_forGripper
1_2a3267758a3caeb7cf353869450feb9a 0.271 449 99 486 109 468 178 431 168 ShortSide_forGripper
1_2a3267758a3caeb7cf353869450feb9a 0.321 390 293 406 249 511 288 495 332 ShortSide_forGripper
1_2a3267758a3caeb7cf353869450feb9a 0.322 405 88 454 95 442 177 393 170 ShortSide_forGripper
1_2a3267758a3caeb7cf353869450feb9a 0.357 320 418 382 436 351 545 289 527 ShortSide_forGripper
1_2a3267758a3caeb7cf353869450feb9a 0.362 236 404 276 408 261 525 221 521 ShortSide_forGripper
1_2a3267758a3caeb7cf353869450feb9a 0.384 374 80 422 86 409 179 361 173 ShortSide_forGripper
1_2a3267758a3caeb7cf353869450feb9a 0.406 280 406 331 413 313 537 262 530 ShortSide_forGripper
1_2a3267758a3caeb7cf353869450feb9a 0.444 247 405 309 411 296 530 234 524 ShortSide_forGripper
1_2a3267758a3caeb7cf353869450feb9a 0.448 404 246 409 214 465 223 460 255 ShortSide_forGripper
