1_2b9d60c74bc0d18ad8eae9bce48bbeed 0.251 347 300 368 283 390 309 369 326 LongSide_forGripper
1_2b9d60c74bc0d18ad8eae9bce48bbeed 0.254 361 274 374 289 352 307 339 292 LongSide_forGripper
1_2b9d60c74bc0d18ad8eae9bce48bbeed 0.258 305 270 318 284 298 301 285 287 LongSide_forGripper
1_2b9d60c74bc0d18ad8eae9bce48bbeed 0.262 367 282 380 297 358 315 345 300 ShortSide_forGripper
1_2b9d60c74bc0d18ad8eae9bce48bbeed 0.265 396 362 405 373 387 389 378 378 LongSide_forGripper
1_2b9d60c74bc0d18ad8eae9bce48bbeed 0.270 359 273 372 288 352 306 339 291 ShortSide_forGripper
1_2b9d60c74bc0d18ad8eae9bce48bbeed 0.274 367 321 383 307 402 328 386 342 ShortSide_forGripper
1_2b9d60c74bc0d18ad8eae9bce48bbeed 0.274 383 300 395 317 372 333 360 316 ShortSide_forGripper
1_2b9d60c74bc0d18ad8eae9bce48bbeed 0.275 361 317 383 299 404 324 382 342 LongSide_forGripper
1_2b9d60c74bc0d18ad8eae9bce48bbeed 0.280 298 279 309 291 291 308 280 296 LongSide_forGripper
1_2b9d60c74bc0d18ad8eae9bce48bbeed 0.281 380 377 390 388 371 406 361 395 LongSide_forGripper
1_2b9d60c74bc0d18ad8eae9bce48bbeed 0.282 374 380 384 392 365 407 355 395 LongSide_forGripper
1_2b9d60c74bc0d18ad8eae9bce48bbeed 0.283 290 284 300 294 285 307 275 297 LongSide_forGripper
1_2b9d60c74bc0d18ad8eae9bce48bbeed 0.307 371 385 381 398 362 414 352 401 LongSide_forGripper
1_2b9d60c74bc0d18ad8eae9bce48bbeed 0.319 289 287 298 298 280 314 271 303 LongSide_forGripper
1_2b9d60c74bc0d18ad8eae9bce48bbeed 0.325 389 370 399 380 380 397 370 387 LongSide_forGripper
