1_3af50f23fc41df0ca4e4f60d1a08a2e4 0.250 301 214 327 238 298 271 272 247 shortside
1_3af50f23fc41df0ca4e4f60d1a08a2e4 0.255 451 340 470 341 470 371 451 370 longside
1_3af50f23fc41df0ca4e4f60d1a08a2e4 0.258 379 334 394 317 418 339 403 356 shortside
1_3af50f23fc41df0ca4e4f60d1a08a2e4 0.260 434 338 465 333 475 385 444 390 longside
1_3af50f23fc41df0ca4e4f60d1a08a2e4 0.262 236 111 263 122 247 164 220 153 longside
1_3af50f23fc41df0ca4e4f60d1a08a2e4 0.273 300 218 323 236 299 265 276 247 longside
1_3af50f23fc41df0ca4e4f60d1a08a2e4 0.306 243 98 286 117 222 259 179 240 longside
1_3af50f23fc41df0ca4e4f60d1a08a2e4 0.317 284 205 306 223 281 254 259 236 longside
1_3af50f23fc41df0ca4e4f60d1a08a2e4 0.318 291 163 295 187 258 194 254 170 longside
1_3af50f23fc41df0ca4e4f60d1a08a2e4 0.365 205 162 213 195 178 203 170 170 longside
1_3af50f23fc41df0ca4e4f60d1a08a2e4 0.371 286 145 294 171 257 184 249 158 longside
1_3af50f23fc41df0ca4e4f60d1a08a2e4 0.392 215 194 237 201 224 239 202 232 longside
1_3af50f23fc41df0ca4e4f60d1a08a2e4 0.408 208 176 217 200 181 215 172 191 longside
1_3af50f23fc41df0ca4e4f60d1a08a2e4 0.568 408 337 450 327 469 410 427 420 longside
