1_3aaf208ef455b4a754a909034847280 0.251 291 285 319 293 308 330 280 322 shortside
1_3aaf208ef455b4a754a909034847280 0.251 354 236 381 245 367 287 340 278 longside
1_3aaf208ef455b4a754a909034847280 0.259 296 318 307 286 365 307 354 339 longside
1_3aaf208ef455b4a754a909034847280 0.261 351 304 371 311 360 341 340 334 longside
1_3aaf208ef455b4a754a909034847280 0.288 350 238 375 246 343 349 318 341 longside
1_3aaf208ef455b4a754a909034847280 0.298 323 325 331 301 368 314 360 338 shortside
1_3aaf208ef455b4a754a909034847280 0.316 316 289 339 298 327 332 304 323 longside
1_3aaf208ef455b4a754a909034847280 0.325 342 301 360 307 351 336 333 330 longside
1_3aaf208ef455b4a754a909034847280 0.331 327 228 351 236 338 273 314 265 longside
1_3aaf208ef455b4a754a909034847280 0.342 378 244 406 254 391 295 363 285 longside
1_3aaf208ef455b4a754a909034847280 0.349 380 234 420 250 383 341 343 325 longside
1_3aaf208ef455b4a754a909034847280 0.382 310 230 343 242 313 327 280 315 longside
1_3aaf208ef455b4a754a909034847280 0.402 325 294 349 301 338 335 314 328 longside
1_3aaf208ef455b4a754a909034847280 0.451 342 234 366 242 353 279 329 271 longside
1_3aaf208ef455b4a754a909034847280 0.455 362 229 403 244 363 354 322 339 longside
1_3aaf208ef455b4a754a909034847280 0.547 367 243 389 251 376 288 354 280 longside
1_3aaf208ef455b4a754a909034847280 0.588 327 226 369 241 332 343 290 328 longside
