1_3d6f74128454137a905e36dd4a970884 0.251 548 330 555 263 651 273 644 340 ShortSide_forGripper
1_3d6f74128454137a905e36dd4a970884 0.253 166 284 169 238 253 243 250 289 ShortSide_forGripper
1_3d6f74128454137a905e36dd4a970884 0.261 189 146 236 137 254 231 207 240 ShortSide_forGripper
1_3d6f74128454137a905e36dd4a970884 0.271 232 246 247 251 239 275 224 270 LongSide_forGripper
1_3d6f74128454137a905e36dd4a970884 0.272 167 338 174 304 228 315 221 349 ShortSide_forGripper
1_3d6f74128454137a905e36dd4a970884 0.272 221 258 233 246 250 263 238 275 ShortSide_forGripper
1_3d6f74128454137a905e36dd4a970884 0.285 531 269 561 270 560 326 530 325 ShortSide_forGripper
1_3d6f74128454137a905e36dd4a970884 0.290 503 267 535 267 534 322 502 322 ShortSide_forGripper
1_3d6f74128454137a905e36dd4a970884 0.297 445 265 482 265 480 324 443 324 ShortSide_forGripper
1_3d6f74128454137a905e36dd4a970884 0.297 475 261 515 263 512 330 472 328 ShortSide_forGripper
1_3d6f74128454137a905e36dd4a970884 0.308 233 250 266 252 262 315 229 313 ShortSide_forGripper
1_3d6f74128454137a905e36dd4a970884 0.315 517 268 548 268 548 323 517 323 ShortSide_forGripper
1_3d6f74128454137a905e36dd4a970884 0.324 248 251 281 254 277 316 244 313 ShortSide_forGripper
1_3d6f74128454137a905e36dd4a970884 0.336 263 251 299 254 294 316 258 313 ShortSide_forGripper
1_3d6f74128454137a905e36dd4a970884 0.346 140 348 164 320 229 373 205 401 ShortSide_forGripper
1_3d6f74128454137a905e36dd4a970884 0.359 125 341 163 323 200 402 162 420 ShortSide_forGripper
1_3d6f74128454137a905e36dd4a970884 0.411 169 317 175 270 238 278 232 325 ShortSide_forGripper
1_3d6f74128454137a905e36dd4a970884 0.479 162 210 172 160 265 179 255 229 ShortSide_forGripper
