1_3d6e06ab625bb6f71620e7892e762134 0.286 369 382 388 379 392 407 373 410 ShortSide_forGripper
1_3d6e06ab625bb6f71620e7892e762134 0.304 378 409 390 404 399 424 387 429 LongSide_forGripper
1_3d6e06ab625bb6f71620e7892e762134 0.335 225 193 259 189 268 262 234 266 ShortSide_forGripper
1_3d6e06ab625bb6f71620e7892e762134 0.341 203 244 212 200 290 215 281 259 ShortSide_forGripper
1_3d6e06ab625bb6f71620e7892e762134 0.346 448 263 448 228 515 230 515 265 ShortSide_forGripper
1_3d6e06ab625bb6f71620e7892e762134 0.365 225 200 249 203 242 253 218 250 ShortSide_forGripper
1_3d6e06ab625bb6f71620e7892e762134 0.370 455 208 499 212 492 283 448 279 ShortSide_forGripper
1_3d6e06ab625bb6f71620e7892e762134 0.372 279 412 296 370 382 405 365 447 ShortSide_forGripper
1_3d6e06ab625bb6f71620e7892e762134 0.428 484 222 512 228 501 277 473 271 ShortSide_forGripper
1_3d6e06ab625bb6f71620e7892e762134 0.495 293 402 301 357 404 377 396 422 ShortSide_forGripper
