2_1a5327b328cd97d084c3569473be6c23 0.265 387 373 413 402 360 450 334 421 ShortSide_forGripper
2_1a5327b328cd97d084c3569473be6c23 0.288 412 274 425 308 363 333 350 299 ShortSide_forGripper
2_1a5327b328cd97d084c3569473be6c23 0.305 390 250 411 297 325 337 304 290 ShortSide_forGripper
2_1a5327b328cd97d084c3569473be6c23 0.324 344 228 385 288 261 371 220 311 ShortSide_forGripper
2_1a5327b328cd97d084c3569473be6c23 0.328 344 186 361 229 311 249 294 206 ShortSide_forGripper
2_1a5327b328cd97d084c3569473be6c23 0.328 338 167 356 213 307 232 289 186 ShortSide_forGripper
2_1a5327b328cd97d084c3569473be6c23 0.328 400 410 424 436 387 469 363 443 ShortSide_forGripper
2_1a5327b328cd97d084c3569473be6c23 0.361 396 289 419 327 295 402 272 364 ShortSide_forGripper
2_1a5327b328cd97d084c3569473be6c23 0.367 272 243 310 260 271 346 233 329 ShortSide_forGripper
2_1a5327b328cd97d084c3569473be6c23 0.368 331 150 347 192 296 211 280 169 ShortSide_forGripper
2_1a5327b328cd97d084c3569473be6c23 0.385 322 136 338 177 291 195 275 154 ShortSide_forGripper
2_1a5327b328cd97d084c3569473be6c23 0.388 355 211 375 253 322 278 302 236 ShortSide_forGripper
2_1a5327b328cd97d084c3569473be6c23 0.399 399 341 428 379 348 440 319 402 ShortSide_forGripper
2_1a5327b328cd97d084c3569473be6c23 0.412 367 227 388 271 320 304 299 260 ShortSide_forGripper
2_1a5327b328cd97d084c3569473be6c23 0.473 315 111 326 152 276 166 265 125 ShortSide_forGripper
