2_1b95ba95fbde8c64fcace4d823343363 0.257 256 214 272 249 211 277 195 242 longside
2_1b95ba95fbde8c64fcace4d823343363 0.258 367 406 370 415 348 421 345 412 shortside
2_1b95ba95fbde8c64fcace4d823343363 0.261 450 257 467 328 365 354 348 283 longside
2_1b95ba95fbde8c64fcace4d823343363 0.290 381 401 384 408 364 414 361 407 shortside
2_1b95ba95fbde8c64fcace4d823343363 0.297 376 402 379 413 351 421 348 410 shortside
2_1b95ba95fbde8c64fcace4d823343363 0.312 426 191 444 261 359 282 341 212 longside
2_1b95ba95fbde8c64fcace4d823343363 0.338 344 397 387 384 411 462 368 475 longside
2_1b95ba95fbde8c64fcace4d823343363 0.348 465 360 474 410 390 425 381 375 longside
2_1b95ba95fbde8c64fcace4d823343363 0.351 326 364 343 416 255 445 238 393 longside
2_1b95ba95fbde8c64fcace4d823343363 0.354 238 181 258 216 199 250 179 215 longside
2_1b95ba95fbde8c64fcace4d823343363 0.380 454 288 471 356 375 379 358 311 longside
2_1b95ba95fbde8c64fcace4d823343363 0.380 288 233 299 282 211 302 200 253 longside
2_1b95ba95fbde8c64fcace4d823343363 0.397 296 250 314 315 209 343 191 278 longside
2_1b95ba95fbde8c64fcace4d823343363 0.398 460 319 472 387 373 404 361 336 longside
2_1b95ba95fbde8c64fcace4d823343363 0.400 305 285 324 349 222 378 203 314 longside
2_1b95ba95fbde8c64fcace4d823343363 0.480 330 396 352 442 269 483 247 437 longside
2_1b95ba95fbde8c64fcace4d823343363 0.535 328 324 351 392 243 429 220 361 longside
