2_1cf27b172c9a9450192ed52a563d7b09 0.254 334 294 356 299 345 341 323 336 longside
2_1cf27b172c9a9450192ed52a563d7b09 0.285 356 302 379 309 367 345 344 338 longside
2_1cf27b172c9a9450192ed52a563d7b09 0.341 315 327 322 300 368 312 361 339 longside
2_1cf27b172c9a9450192ed52a563d7b09 0.373 296 331 304 303 403 332 395 360 longside
2_1cf27b172c9a9450192ed52a563d7b09 0.404 344 295 366 300 355 352 333 347 longside
2_1cf27b172c9a9450192ed52a563d7b09 0.414 359 326 384 335 364 391 339 382 longside
2_1cf27b172c9a9450192ed52a563d7b09 0.444 366 298 396 307 373 387 343 378 longside
2_1cf27b172c9a9450192ed52a563d7b09 0.446 329 317 350 322 334 380 313 375 longside
2_1cf27b172c9a9450192ed52a563d7b09 0.501 297 360 307 320 390 341 380 381 longside
2_1cf27b172c9a9450192ed52a563d7b09 0.627 345 293 387 303 364 394 322 384 longside
2_1cf27b172c9a9450192ed52a563d7b09 0.662 325 293 366 306 342 384 301 371 longside
