2_1c56996998bb6b7a8542f96306060db4 0.317 262 224 287 232 267 293 242 285 ShortSide_forGripper
2_1c56996998bb6b7a8542f96306060db4 0.404 465 292 500 303 478 371 443 360 ShortSide_forGripper
2_1c56996998bb6b7a8542f96306060db4 0.408 387 268 419 278 400 343 368 333 ShortSide_forGripper
2_1c56996998bb6b7a8542f96306060db4 0.457 451 282 484 291 462 367 429 358 ShortSide_forGripper
2_1c56996998bb6b7a8542f96306060db4 0.519 432 278 464 289 441 361 409 350 ShortSide_forGripper
2_1c56996998bb6b7a8542f96306060db4 0.522 366 256 409 269 387 339 344 326 ShortSide_forGripper
2_1c56996998bb6b7a8542f96306060db4 0.532 398 269 441 282 421 350 378 337 ShortSide_forGripper
2_1c56996998bb6b7a8542f96306060db4 0.577 268 224 311 237 289 309 246 296 ShortSide_forGripper
2_1c56996998bb6b7a8542f96306060db4 0.623 317 240 360 253 338 327 295 314 ShortSide_forGripper
2_1c56996998bb6b7a8542f96306060db4 0.638 288 231 331 244 309 314 266 301 ShortSide_forGripper
2_1c56996998bb6b7a8542f96306060db4 0.639 336 245 379 258 357 330 314 317 ShortSide_forGripper
