2_1dcd0131d1669843e040bf9e34dfc695 0.252 274 340 278 347 261 357 257 350 shortside
2_1dcd0131d1669843e040bf9e34dfc695 0.256 302 274 310 267 323 281 315 288 shortside
2_1dcd0131d1669843e040bf9e34dfc695 0.263 292 318 300 327 287 341 279 332 shortside
2_1dcd0131d1669843e040bf9e34dfc695 0.310 285 351 298 328 346 354 333 377 longside
2_1dcd0131d1669843e040bf9e34dfc695 0.358 327 303 342 282 378 308 363 329 longside
2_1dcd0131d1669843e040bf9e34dfc695 0.384 365 238 403 259 366 329 328 308 longside
2_1dcd0131d1669843e040bf9e34dfc695 0.407 348 283 349 251 413 254 412 286 longside
2_1dcd0131d1669843e040bf9e34dfc695 0.488 339 287 356 267 386 292 369 312 longside
2_1dcd0131d1669843e040bf9e34dfc695 0.539 356 242 397 232 417 313 376 323 longside
2_1dcd0131d1669843e040bf9e34dfc695 0.640 269 330 300 296 364 353 333 387 longside
