2_1d039d24ce67c8c5ff59f04994ef1f0c 0.255 304 317 321 271 437 316 420 362 ShortSide_forGripper
2_1d039d24ce67c8c5ff59f04994ef1f0c 0.257 349 336 368 342 360 369 341 363 ShortSide_forGripper
2_1d039d24ce67c8c5ff59f04994ef1f0c 0.262 350 301 355 288 379 296 374 309 LongSide_forGripper
2_1d039d24ce67c8c5ff59f04994ef1f0c 0.264 330 329 346 335 335 360 319 354 ShortSide_forGripper
2_1d039d24ce67c8c5ff59f04994ef1f0c 0.267 336 330 353 336 345 363 328 357 LongSide_forGripper
2_1d039d24ce67c8c5ff59f04994ef1f0c 0.280 359 305 365 292 388 302 382 315 LongSide_forGripper
2_1d039d24ce67c8c5ff59f04994ef1f0c 0.292 343 335 360 340 352 366 335 361 LongSide_forGripper
2_1d039d24ce67c8c5ff59f04994ef1f0c 0.294 346 298 351 286 371 295 366 307 LongSide_forGripper
2_1d039d24ce67c8c5ff59f04994ef1f0c 0.316 338 331 354 337 343 362 327 356 ShortSide_forGripper
2_1d039d24ce67c8c5ff59f04994ef1f0c 0.332 343 335 360 340 352 366 335 361 ShortSide_forGripper
2_1d039d24ce67c8c5ff59f04994ef1f0c 0.428 298 347 313 302 417 336 402 381 ShortSide_forGripper
2_1d039d24ce67c8c5ff59f04994ef1f0c 0.491 399 292 428 301 402 387 373 378 ShortSide_forGripper
2_1d039d24ce67c8c5ff59f04994ef1f0c 0.567 329 264 359 274 328 369 298 359 ShortSide_forGripper
2_1d039d24ce67c8c5ff59f04994ef1f0c 0.790 372 280 414 295 381 387 339 372 ShortSide_forGripper
2_1d039d24ce67c8c5ff59f04994ef1f0c 0.792 346 267 387 282 351 380 310 365 ShortSide_forGripper
