2_1eed5294b9a1361e604a7bc48dd033be 0.256 263 309 289 310 288 356 262 355 ShortSide_forGripper
2_1eed5294b9a1361e604a7bc48dd033be 0.256 416 262 453 258 463 347 426 351 ShortSide_forGripper
2_1eed5294b9a1361e604a7bc48dd033be 0.259 173 343 174 322 204 324 203 345 ShortSide_forGripper
2_1eed5294b9a1361e604a7bc48dd033be 0.264 199 296 201 318 172 319 170 297 ShortSide_forGripper
2_1eed5294b9a1361e604a7bc48dd033be 0.309 294 268 339 273 329 367 284 362 ShortSide_forGripper
2_1eed5294b9a1361e604a7bc48dd033be 0.309 315 278 385 265 406 389 336 402 ShortSide_forGripper
2_1eed5294b9a1361e604a7bc48dd033be 0.313 208 310 232 310 232 355 208 355 ShortSide_forGripper
2_1eed5294b9a1361e604a7bc48dd033be 0.313 321 303 367 303 368 386 322 386 ShortSide_forGripper
2_1eed5294b9a1361e604a7bc48dd033be 0.321 431 243 435 268 342 284 338 259 ShortSide_forGripper
2_1eed5294b9a1361e604a7bc48dd033be 0.332 337 153 352 152 354 174 339 175 LongSide_forGripper
2_1eed5294b9a1361e604a7bc48dd033be 0.333 230 298 263 298 265 363 232 363 ShortSide_forGripper
2_1eed5294b9a1361e604a7bc48dd033be 0.352 245 295 278 295 280 360 247 360 ShortSide_forGripper
2_1eed5294b9a1361e604a7bc48dd033be 0.354 359 197 360 225 322 226 321 198 ShortSide_forGripper
2_1eed5294b9a1361e604a7bc48dd033be 0.355 365 223 379 245 348 264 334 242 ShortSide_forGripper
2_1eed5294b9a1361e604a7bc48dd033be 0.384 436 284 463 280 471 329 444 333 ShortSide_forGripper
2_1eed5294b9a1361e604a7bc48dd033be 0.397 338 328 370 323 379 381 347 386 ShortSide_forGripper
2_1eed5294b9a1361e604a7bc48dd033be 0.412 261 261 308 266 298 366 251 361 ShortSide_forGripper
2_1eed5294b9a1361e604a7bc48dd033be 0.415 206 296 250 294 253 365 209 367 ShortSide_forGripper
