2_1f272d022ffe6e79fccf04aa26d69912 0.340 305 309 308 284 354 290 351 315 longside
2_1f272d022ffe6e79fccf04aa26d69912 0.344 337 292 342 269 406 281 401 304 longside
2_1f272d022ffe6e79fccf04aa26d69912 0.356 327 312 332 287 416 303 411 328 longside
2_1f272d022ffe6e79fccf04aa26d69912 0.373 295 318 302 270 434 291 427 339 longside
2_1f272d022ffe6e79fccf04aa26d69912 0.432 308 277 312 252 353 260 349 285 longside
2_1f272d022ffe6e79fccf04aa26d69912 0.473 301 291 306 266 358 276 353 301 longside
2_1f272d022ffe6e79fccf04aa26d69912 0.482 322 260 348 264 337 319 311 315 longside
2_1f272d022ffe6e79fccf04aa26d69912 0.491 373 267 396 270 388 330 365 327 longside
2_1f272d022ffe6e79fccf04aa26d69912 0.541 344 247 388 254 375 338 331 331 longside
2_1f272d022ffe6e79fccf04aa26d69912 0.552 365 261 387 264 378 324 356 321 longside
2_1f272d022ffe6e79fccf04aa26d69912 0.559 338 302 342 281 405 293 401 314 longside
2_1f272d022ffe6e79fccf04aa26d69912 0.561 384 272 408 278 397 327 373 321 longside
2_1f272d022ffe6e79fccf04aa26d69912 0.635 325 245 369 252 356 334 312 327 longside
