2_1ff5b518730a1a24488cb43788e3ee3d 0.256 511 252 530 296 442 333 423 289 longside
2_1ff5b518730a1a24488cb43788e3ee3d 0.261 558 248 562 238 583 245 579 255 shortside
2_1ff5b518730a1a24488cb43788e3ee3d 0.267 527 181 547 219 480 254 460 216 longside
2_1ff5b518730a1a24488cb43788e3ee3d 0.296 503 213 525 260 418 310 396 263 longside
2_1ff5b518730a1a24488cb43788e3ee3d 0.299 530 216 548 240 497 277 479 253 longside
2_1ff5b518730a1a24488cb43788e3ee3d 0.331 317 209 330 204 338 222 325 227 shortside
2_1ff5b518730a1a24488cb43788e3ee3d 0.348 553 223 571 262 488 300 470 261 longside
2_1ff5b518730a1a24488cb43788e3ee3d 0.371 548 143 563 150 551 174 536 167 shortside
2_1ff5b518730a1a24488cb43788e3ee3d 0.375 509 218 552 213 564 313 521 318 longside
2_1ff5b518730a1a24488cb43788e3ee3d 0.426 607 243 608 255 584 258 583 246 shortside
