2_2a05d3998ba1582ce80df3c23687288a 0.254 285 337 297 318 336 342 324 361 ShortSide_forGripper
2_2a05d3998ba1582ce80df3c23687288a 0.258 351 255 373 263 344 340 322 332 ShortSide_forGripper
2_2a05d3998ba1582ce80df3c23687288a 0.267 386 371 391 349 425 356 420 378 ShortSide_forGripper
2_2a05d3998ba1582ce80df3c23687288a 0.277 429 341 431 363 392 366 390 344 ShortSide_forGripper
2_2a05d3998ba1582ce80df3c23687288a 0.291 366 277 386 288 357 336 337 325 ShortSide_forGripper
2_2a05d3998ba1582ce80df3c23687288a 0.297 366 258 373 280 317 297 310 275 ShortSide_forGripper
2_2a05d3998ba1582ce80df3c23687288a 0.298 364 413 375 386 413 402 402 429 ShortSide_forGripper
2_2a05d3998ba1582ce80df3c23687288a 0.301 287 227 290 202 334 208 331 233 ShortSide_forGripper
2_2a05d3998ba1582ce80df3c23687288a 0.307 252 344 284 317 329 371 297 398 ShortSide_forGripper
2_2a05d3998ba1582ce80df3c23687288a 0.354 364 244 368 266 319 275 315 253 ShortSide_forGripper
2_2a05d3998ba1582ce80df3c23687288a 0.356 354 417 365 399 405 424 394 442 ShortSide_forGripper
2_2a05d3998ba1582ce80df3c23687288a 0.369 374 399 381 379 415 392 408 412 ShortSide_forGripper
2_2a05d3998ba1582ce80df3c23687288a 0.372 358 226 366 249 321 263 313 240 ShortSide_forGripper
2_2a05d3998ba1582ce80df3c23687288a 0.412 376 390 384 358 423 367 415 399 ShortSide_forGripper
2_2a05d3998ba1582ce80df3c23687288a 0.432 375 267 387 294 320 324 308 297 ShortSide_forGripper
2_2a05d3998ba1582ce80df3c23687288a 0.451 386 289 425 305 401 366 362 350 ShortSide_forGripper
2_2a05d3998ba1582ce80df3c23687288a 0.467 433 320 441 343 392 359 384 336 ShortSide_forGripper
2_2a05d3998ba1582ce80df3c23687288a 0.515 379 288 400 296 382 341 361 333 ShortSide_forGripper
2_2a05d3998ba1582ce80df3c23687288a 0.518 338 182 357 220 301 249 282 211 ShortSide_forGripper
2_2a05d3998ba1582ce80df3c23687288a 0.537 362 268 399 288 363 357 326 337 ShortSide_forGripper
