2_2a5cbd3158d861c33321831d2245cf06 0.250 340 210 374 218 335 373 301 365 longside
2_2a5cbd3158d861c33321831d2245cf06 0.250 260 375 267 353 307 366 300 388 shortside
2_2a5cbd3158d861c33321831d2245cf06 0.251 485 349 500 372 468 392 453 369 shortside
2_2a5cbd3158d861c33321831d2245cf06 0.258 454 369 471 362 481 388 464 395 longside
2_2a5cbd3158d861c33321831d2245cf06 0.259 272 380 278 358 319 369 313 391 shortside
2_2a5cbd3158d861c33321831d2245cf06 0.262 428 374 429 397 385 397 384 374 shortside
2_2a5cbd3158d861c33321831d2245cf06 0.266 301 325 304 301 344 306 341 330 longside
2_2a5cbd3158d861c33321831d2245cf06 0.266 400 347 404 327 439 334 435 354 shortside
2_2a5cbd3158d861c33321831d2245cf06 0.276 354 344 356 324 397 329 395 349 shortside
2_2a5cbd3158d861c33321831d2245cf06 0.281 443 371 445 394 404 398 402 375 shortside
2_2a5cbd3158d861c33321831d2245cf06 0.284 457 370 459 391 422 395 420 374 shortside
2_2a5cbd3158d861c33321831d2245cf06 0.290 301 389 304 365 352 372 349 396 shortside
2_2a5cbd3158d861c33321831d2245cf06 0.295 339 394 340 370 384 373 383 397 shortside
2_2a5cbd3158d861c33321831d2245cf06 0.313 286 385 291 363 335 372 330 394 shortside
2_2a5cbd3158d861c33321831d2245cf06 0.313 355 396 357 373 402 375 400 398 shortside
2_2a5cbd3158d861c33321831d2245cf06 0.314 473 367 478 384 446 392 441 375 shortside
2_2a5cbd3158d861c33321831d2245cf06 0.316 322 391 325 366 369 372 366 397 shortside
2_2a5cbd3158d861c33321831d2245cf06 0.316 377 346 379 327 414 331 412 350 shortside
2_2a5cbd3158d861c33321831d2245cf06 0.325 271 214 317 215 314 371 268 370 longside
2_2a5cbd3158d861c33321831d2245cf06 0.376 295 215 351 220 338 372 282 367 longside
2_2a5cbd3158d861c33321831d2245cf06 0.406 299 347 302 321 340 326 337 352 longside
2_2a5cbd3158d861c33321831d2245cf06 0.470 380 238 380 289 271 291 271 240 longside
