2_2a3267758a3caeb7cf353869450feb9a 0.267 380 377 410 349 471 414 441 442 ShortSide_forGripper
2_2a3267758a3caeb7cf353869450feb9a 0.273 441 332 476 369 380 459 345 422 ShortSide_forGripper
2_2a3267758a3caeb7cf353869450feb9a 0.288 418 378 447 352 487 395 458 421 ShortSide_forGripper
2_2a3267758a3caeb7cf353869450feb9a 0.292 246 131 279 166 207 232 174 197 ShortSide_forGripper
2_2a3267758a3caeb7cf353869450feb9a 0.294 304 173 325 200 283 234 262 207 ShortSide_forGripper
2_2a3267758a3caeb7cf353869450feb9a 0.314 175 179 198 150 256 196 233 225 ShortSide_forGripper
2_2a3267758a3caeb7cf353869450feb9a 0.337 227 125 261 90 322 148 288 183 ShortSide_forGripper
2_2a3267758a3caeb7cf353869450feb9a 0.339 196 164 213 141 247 165 230 188 ShortSide_forGripper
2_2a3267758a3caeb7cf353869450feb9a 0.409 359 410 395 376 450 433 414 467 ShortSide_forGripper
2_2a3267758a3caeb7cf353869450feb9a 0.480 418 342 454 305 523 371 487 408 ShortSide_forGripper
