2_2bc7d666aff945002ed9cbcd7b3383d1 0.264 373 272 397 280 378 343 354 335 longside
2_2bc7d666aff945002ed9cbcd7b3383d1 0.265 342 258 367 269 339 329 314 318 longside
2_2bc7d666aff945002ed9cbcd7b3383d1 0.281 365 265 387 275 360 332 338 322 longside
2_2bc7d666aff945002ed9cbcd7b3383d1 0.290 295 284 299 276 316 285 312 293 shortside
2_2bc7d666aff945002ed9cbcd7b3383d1 0.411 286 333 301 304 373 342 358 371 longside
2_2bc7d666aff945002ed9cbcd7b3383d1 0.421 287 307 299 283 392 326 380 351 longside
2_2bc7d666aff945002ed9cbcd7b3383d1 0.478 357 252 397 270 350 371 310 353 longside
2_2bc7d666aff945002ed9cbcd7b3383d1 0.485 308 281 318 256 397 290 387 315 longside
2_2bc7d666aff945002ed9cbcd7b3383d1 0.564 297 293 309 267 398 306 386 332 longside
2_2bc7d666aff945002ed9cbcd7b3383d1 0.585 333 254 374 274 330 365 289 345 longside
