2_2ba5c76821cd4e021c19e7863a1c200b 0.262 366 341 370 365 329 372 325 348 longside
2_2ba5c76821cd4e021c19e7863a1c200b 0.279 333 311 359 309 362 352 336 354 longside
2_2ba5c76821cd4e021c19e7863a1c200b 0.297 389 334 390 382 322 385 321 337 longside
2_2ba5c76821cd4e021c19e7863a1c200b 0.300 342 318 368 316 371 359 345 361 longside
2_2ba5c76821cd4e021c19e7863a1c200b 0.315 368 301 370 327 325 330 323 304 longside
2_2ba5c76821cd4e021c19e7863a1c200b 0.333 325 255 351 252 356 312 330 315 longside
2_2ba5c76821cd4e021c19e7863a1c200b 0.369 330 272 358 269 365 327 337 330 longside
2_2ba5c76821cd4e021c19e7863a1c200b 0.381 373 270 376 296 322 301 319 275 longside
2_2ba5c76821cd4e021c19e7863a1c200b 0.386 369 250 374 285 316 293 311 258 longside
2_2ba5c76821cd4e021c19e7863a1c200b 0.418 383 355 387 390 334 396 330 361 longside
