2_2b5953c986dd08f2f91663a74ccd2338 0.253 347 599 370 582 392 612 369 629 LongSide_forGripper
2_2b5953c986dd08f2f91663a74ccd2338 0.259 396 98 416 63 461 89 441 124 ShortSide_forGripper
2_2b5953c986dd08f2f91663a74ccd2338 0.285 137 244 156 279 96 311 77 276 ShortSide_forGripper
2_2b5953c986dd08f2f91663a74ccd2338 0.291 387 596 401 618 368 639 354 617 ShortSide_forGripper
2_2b5953c986dd08f2f91663a74ccd2338 0.324 352 608 378 591 401 625 375 642 LongSide_forGripper
2_2b5953c986dd08f2f91663a74ccd2338 0.327 146 159 196 133 289 308 239 334 ShortSide_forGripper
2_2b5953c986dd08f2f91663a74ccd2338 0.446 381 189 428 159 496 264 449 294 ShortSide_forGripper
2_2b5953c986dd08f2f91663a74ccd2338 0.472 351 200 399 174 460 289 412 315 ShortSide_forGripper
2_2b5953c986dd08f2f91663a74ccd2338 0.483 206 291 267 257 333 376 272 410 ShortSide_forGripper
2_2b5953c986dd08f2f91663a74ccd2338 0.489 85 259 118 241 150 300 117 318 ShortSide_forGripper
2_2b5953c986dd08f2f91663a74ccd2338 0.563 261 256 318 219 392 333 335 370 ShortSide_forGripper
2_2b5953c986dd08f2f91663a74ccd2338 0.607 302 234 361 196 433 305 374 343 ShortSide_forGripper
