2_2ed600ebf1c8548caa730488fdeb2742 0.251 366 343 380 347 375 368 361 364 shortside
2_2ed600ebf1c8548caa730488fdeb2742 0.259 384 287 401 284 405 312 388 315 longside
2_2ed600ebf1c8548caa730488fdeb2742 0.259 344 259 366 257 371 306 349 308 longside
2_2ed600ebf1c8548caa730488fdeb2742 0.267 391 314 406 319 398 345 383 340 longside
2_2ed600ebf1c8548caa730488fdeb2742 0.280 410 308 410 324 383 325 383 309 longside
2_2ed600ebf1c8548caa730488fdeb2742 0.300 366 261 382 264 377 290 361 287 longside
2_2ed600ebf1c8548caa730488fdeb2742 0.301 314 303 335 302 337 346 316 347 longside
2_2ed600ebf1c8548caa730488fdeb2742 0.302 368 283 386 280 393 316 375 319 longside
2_2ed600ebf1c8548caa730488fdeb2742 0.305 371 347 374 328 408 334 405 353 longside
2_2ed600ebf1c8548caa730488fdeb2742 0.307 380 332 381 313 415 315 414 334 longside
2_2ed600ebf1c8548caa730488fdeb2742 0.308 356 263 372 263 372 289 356 289 longside
2_2ed600ebf1c8548caa730488fdeb2742 0.311 343 322 344 340 306 341 305 323 longside
2_2ed600ebf1c8548caa730488fdeb2742 0.314 310 330 313 310 353 317 350 337 longside
2_2ed600ebf1c8548caa730488fdeb2742 0.339 390 272 391 291 353 293 352 274 longside
2_2ed600ebf1c8548caa730488fdeb2742 0.352 337 266 356 265 358 317 339 318 longside
2_2ed600ebf1c8548caa730488fdeb2742 0.368 377 296 406 300 400 355 371 351 longside
2_2ed600ebf1c8548caa730488fdeb2742 0.368 350 275 369 268 397 338 378 345 longside
2_2ed600ebf1c8548caa730488fdeb2742 0.375 345 326 364 332 352 369 333 363 longside
2_2ed600ebf1c8548caa730488fdeb2742 0.386 368 324 371 345 311 355 308 334 longside
2_2ed600ebf1c8548caa730488fdeb2742 0.395 393 273 402 288 368 308 359 293 longside
2_2ed600ebf1c8548caa730488fdeb2742 0.396 314 275 356 279 349 348 307 344 longside
2_2ed600ebf1c8548caa730488fdeb2742 0.398 327 298 327 269 393 269 393 298 longside
2_2ed600ebf1c8548caa730488fdeb2742 0.401 359 326 360 296 418 297 417 327 longside
2_2ed600ebf1c8548caa730488fdeb2742 0.402 363 342 363 320 414 321 414 343 longside
2_2ed600ebf1c8548caa730488fdeb2742 0.415 316 294 321 277 361 289 356 306 longside
2_2ed600ebf1c8548caa730488fdeb2742 0.415 343 311 364 309 370 370 349 372 longside
2_2ed600ebf1c8548caa730488fdeb2742 0.417 383 320 383 342 312 343 312 321 longside
2_2ed600ebf1c8548caa730488fdeb2742 0.418 326 354 329 334 371 341 368 361 longside
2_2ed600ebf1c8548caa730488fdeb2742 0.421 372 296 372 318 305 319 305 297 longside
2_2ed600ebf1c8548caa730488fdeb2742 0.427 410 289 411 309 369 310 368 290 longside
2_2ed600ebf1c8548caa730488fdeb2742 0.429 362 289 362 308 313 308 313 289 longside
2_2ed600ebf1c8548caa730488fdeb2742 0.432 353 261 373 265 356 352 336 348 longside
2_2ed600ebf1c8548caa730488fdeb2742 0.432 314 352 320 310 405 323 399 365 longside
2_2ed600ebf1c8548caa730488fdeb2742 0.435 328 285 359 285 359 368 328 368 longside
2_2ed600ebf1c8548caa730488fdeb2742 0.448 361 285 391 285 391 366 361 366 longside
2_2ed600ebf1c8548caa730488fdeb2742 0.449 304 314 307 272 387 277 384 319 longside
2_2ed600ebf1c8548caa730488fdeb2742 0.450 352 267 370 260 393 316 375 323 longside
2_2ed600ebf1c8548caa730488fdeb2742 0.457 349 265 370 263 378 350 357 352 longside
2_2ed600ebf1c8548caa730488fdeb2742 0.457 346 333 347 311 413 314 412 336 longside
2_2ed600ebf1c8548caa730488fdeb2742 0.465 315 310 322 291 410 323 403 342 longside
2_2ed600ebf1c8548caa730488fdeb2742 0.518 337 297 343 279 410 304 404 322 longside
2_2ed600ebf1c8548caa730488fdeb2742 0.522 298 324 301 300 365 309 362 333 longside
2_2ed600ebf1c8548caa730488fdeb2742 0.558 303 330 307 284 416 293 412 339 longside
2_2ed600ebf1c8548caa730488fdeb2742 0.568 343 269 387 274 376 380 332 375 longside
