2_2e582c9a7a164525bec3353c29751fdf 0.251 319 174 325 192 296 201 290 183 ShortSide_forGripper
2_2e582c9a7a164525bec3353c29751fdf 0.252 314 392 331 390 333 419 316 421 ShortSide_forGripper
2_2e582c9a7a164525bec3353c29751fdf 0.265 279 393 279 360 377 360 377 393 ShortSide_forGripper
2_2e582c9a7a164525bec3353c29751fdf 0.278 323 375 323 399 284 400 284 376 ShortSide_forGripper
2_2e582c9a7a164525bec3353c29751fdf 0.282 370 297 375 346 283 356 278 307 ShortSide_forGripper
2_2e582c9a7a164525bec3353c29751fdf 0.284 335 364 336 319 406 321 405 366 ShortSide_forGripper
2_2e582c9a7a164525bec3353c29751fdf 0.285 397 235 399 248 374 250 372 237 LongSide_forGripper
2_2e582c9a7a164525bec3353c29751fdf 0.290 270 221 274 198 311 204 307 227 ShortSide_forGripper
2_2e582c9a7a164525bec3353c29751fdf 0.296 311 164 339 158 350 211 322 217 ShortSide_forGripper
2_2e582c9a7a164525bec3353c29751fdf 0.306 255 225 264 182 366 202 357 245 ShortSide_forGripper
2_2e582c9a7a164525bec3353c29751fdf 0.310 273 211 280 183 322 192 315 220 ShortSide_forGripper
2_2e582c9a7a164525bec3353c29751fdf 0.323 356 180 360 208 305 215 301 187 ShortSide_forGripper
2_2e582c9a7a164525bec3353c29751fdf 0.338 281 379 284 333 380 340 377 386 ShortSide_forGripper
2_2e582c9a7a164525bec3353c29751fdf 0.361 407 280 413 327 328 337 322 290 ShortSide_forGripper
2_2e582c9a7a164525bec3353c29751fdf 0.392 335 395 339 351 404 356 400 400 ShortSide_forGripper
2_2e582c9a7a164525bec3353c29751fdf 0.395 407 254 411 301 322 309 318 262 ShortSide_forGripper
