2_2ee72f0fa8848523f1d2a696b973c343 0.257 312 272 335 274 329 339 306 337 longside
2_2ee72f0fa8848523f1d2a696b973c343 0.260 294 274 296 260 321 263 319 277 shortside
2_2ee72f0fa8848523f1d2a696b973c343 0.261 279 262 282 254 302 261 299 269 shortside
2_2ee72f0fa8848523f1d2a696b973c343 0.288 292 255 319 258 307 356 280 353 longside
2_2ee72f0fa8848523f1d2a696b973c343 0.360 265 323 265 314 288 316 288 325 shortside
2_2ee72f0fa8848523f1d2a696b973c343 0.364 296 336 300 302 389 315 385 349 longside
2_2ee72f0fa8848523f1d2a696b973c343 0.452 343 260 386 265 374 359 331 354 longside
2_2ee72f0fa8848523f1d2a696b973c343 0.541 318 254 361 259 349 357 306 352 longside
2_2ee72f0fa8848523f1d2a696b973c343 0.569 297 247 340 252 330 350 287 345 longside
2_2ee72f0fa8848523f1d2a696b973c343 0.586 295 322 302 280 398 297 391 339 longside
2_2ee72f0fa8848523f1d2a696b973c343 0.658 274 242 315 251 295 345 254 336 longside
