2_3a59317d833fe0d2f95721d2346bede 0.273 358 297 378 289 391 324 371 332 ShortSide_forGripper
2_3a59317d833fe0d2f95721d2346bede 0.276 402 277 425 268 441 312 418 321 ShortSide_forGripper
2_3a59317d833fe0d2f95721d2346bede 0.308 488 267 493 285 457 296 452 278 LongSide_forGripper
2_3a59317d833fe0d2f95721d2346bede 0.328 338 279 371 267 403 350 370 362 ShortSide_forGripper
2_3a59317d833fe0d2f95721d2346bede 0.415 317 282 351 273 376 367 342 376 ShortSide_forGripper
2_3a59317d833fe0d2f95721d2346bede 0.465 376 285 403 277 423 338 396 346 ShortSide_forGripper
2_3a59317d833fe0d2f95721d2346bede 0.490 410 273 439 263 457 318 428 328 ShortSide_forGripper
2_3a59317d833fe0d2f95721d2346bede 0.583 388 276 428 263 451 331 411 344 ShortSide_forGripper
2_3a59317d833fe0d2f95721d2346bede 0.642 376 297 388 325 287 368 275 340 ShortSide_forGripper
2_3a59317d833fe0d2f95721d2346bede 0.708 292 282 335 270 363 375 320 387 ShortSide_forGripper
