2_3c9747ff49d0da71f91663a74ccd2338 0.263 240 342 268 345 265 377 237 374 shortside
2_3c9747ff49d0da71f91663a74ccd2338 0.266 222 174 250 172 253 207 225 209 shortside
2_3c9747ff49d0da71f91663a74ccd2338 0.282 393 373 424 382 414 420 383 411 shortside
2_3c9747ff49d0da71f91663a74ccd2338 0.285 231 375 263 379 258 416 226 412 shortside
2_3c9747ff49d0da71f91663a74ccd2338 0.288 467 223 493 220 496 254 470 257 longside
2_3c9747ff49d0da71f91663a74ccd2338 0.290 465 219 498 219 498 260 465 260 shortside
2_3c9747ff49d0da71f91663a74ccd2338 0.292 468 85 496 92 487 134 459 127 shortside
2_3c9747ff49d0da71f91663a74ccd2338 0.296 226 168 253 171 249 209 222 206 longside
2_3c9747ff49d0da71f91663a74ccd2338 0.331 287 51 313 51 312 86 286 86 shortside
2_3c9747ff49d0da71f91663a74ccd2338 0.432 285 78 288 55 320 59 317 82 longside
