2_3c95f7546aa333352b9815e7ace3108f 0.251 345 247 361 247 360 270 344 270 shortside
2_3c95f7546aa333352b9815e7ace3108f 0.253 350 193 366 193 366 215 350 215 shortside
2_3c95f7546aa333352b9815e7ace3108f 0.257 345 231 362 231 362 254 345 254 shortside
2_3c95f7546aa333352b9815e7ace3108f 0.259 351 161 367 161 366 182 350 182 shortside
2_3c95f7546aa333352b9815e7ace3108f 0.265 349 207 365 208 364 230 348 229 shortside
2_3c95f7546aa333352b9815e7ace3108f 0.321 375 141 376 129 400 132 399 144 shortside
2_3c95f7546aa333352b9815e7ace3108f 0.346 319 355 363 357 360 456 316 454 longside
2_3c95f7546aa333352b9815e7ace3108f 0.365 304 424 304 400 388 400 388 424 longside
2_3c95f7546aa333352b9815e7ace3108f 0.503 304 410 304 383 390 383 390 410 longside
2_3c95f7546aa333352b9815e7ace3108f 0.644 305 400 306 356 386 359 385 403 longside
2_3c95f7546aa333352b9815e7ace3108f 0.664 301 455 303 410 384 412 382 457 longside
