2_4a1510e398260ba36b31862e09495f2 0.252 281 157 310 138 338 180 309 199 longside
2_4a1510e398260ba36b31862e09495f2 0.253 159 282 192 270 212 321 179 333 longside
2_4a1510e398260ba36b31862e09495f2 0.256 350 115 373 100 393 132 370 147 longside
2_4a1510e398260ba36b31862e09495f2 0.257 311 122 365 82 436 177 382 217 longside
2_4a1510e398260ba36b31862e09495f2 0.260 105 235 145 223 162 280 122 292 longside
2_4a1510e398260ba36b31862e09495f2 0.261 78 249 107 241 121 288 92 296 longside
2_4a1510e398260ba36b31862e09495f2 0.281 107 220 148 205 194 339 153 354 longside
2_4a1510e398260ba36b31862e09495f2 0.286 334 125 357 108 381 142 358 159 longside
2_4a1510e398260ba36b31862e09495f2 0.289 262 166 295 145 327 195 294 216 longside
2_4a1510e398260ba36b31862e09495f2 0.296 118 225 159 211 183 278 142 292 longside
2_4a1510e398260ba36b31862e09495f2 0.304 306 502 336 485 357 523 327 540 longside
2_4a1510e398260ba36b31862e09495f2 0.306 138 222 174 209 195 267 159 280 longside
2_4a1510e398260ba36b31862e09495f2 0.323 273 516 302 501 326 547 297 562 longside
2_4a1510e398260ba36b31862e09495f2 0.327 53 256 80 246 98 295 71 305 longside
2_4a1510e398260ba36b31862e09495f2 0.340 171 210 207 197 228 253 192 266 longside
2_4a1510e398260ba36b31862e09495f2 0.349 224 547 255 530 279 572 248 589 longside
2_4a1510e398260ba36b31862e09495f2 0.364 152 219 195 204 215 262 172 277 longside
2_4a1510e398260ba36b31862e09495f2 0.367 66 236 117 215 169 343 118 364 longside
2_4a1510e398260ba36b31862e09495f2 0.371 286 510 317 493 341 537 310 554 longside
2_4a1510e398260ba36b31862e09495f2 0.391 240 533 272 518 295 566 263 581 longside
2_4a1510e398260ba36b31862e09495f2 0.401 208 555 236 541 259 586 231 600 longside
2_4a1510e398260ba36b31862e09495f2 0.419 255 528 288 510 312 553 279 571 longside
