3_1a9fa4c269cfcc1b738e43095496b061 0.253 250 256 255 242 285 251 280 265 shortside
3_1a9fa4c269cfcc1b738e43095496b061 0.255 210 204 256 217 217 355 171 342 longside
3_1a9fa4c269cfcc1b738e43095496b061 0.257 442 393 446 379 477 388 473 402 shortside
3_1a9fa4c269cfcc1b738e43095496b061 0.258 186 318 191 304 221 313 216 327 shortside
3_1a9fa4c269cfcc1b738e43095496b061 0.268 314 219 331 223 325 248 308 244 shortside
3_1a9fa4c269cfcc1b738e43095496b061 0.271 469 399 473 387 496 396 492 408 shortside
3_1a9fa4c269cfcc1b738e43095496b061 0.273 244 334 248 322 275 331 271 343 shortside
3_1a9fa4c269cfcc1b738e43095496b061 0.277 334 283 339 267 383 280 378 296 shortside
3_1a9fa4c269cfcc1b738e43095496b061 0.277 386 297 390 281 419 290 415 306 shortside
3_1a9fa4c269cfcc1b738e43095496b061 0.279 218 249 223 233 253 242 248 258 shortside
3_1a9fa4c269cfcc1b738e43095496b061 0.281 433 255 448 260 442 280 427 275 shortside
3_1a9fa4c269cfcc1b738e43095496b061 0.282 357 367 360 356 386 364 383 375 shortside
3_1a9fa4c269cfcc1b738e43095496b061 0.282 443 312 447 297 474 305 470 320 shortside
3_1a9fa4c269cfcc1b738e43095496b061 0.284 431 258 446 263 438 289 423 284 shortside
3_1a9fa4c269cfcc1b738e43095496b061 0.286 474 320 478 306 507 315 503 329 shortside
3_1a9fa4c269cfcc1b738e43095496b061 0.287 457 318 461 302 494 311 490 327 shortside
3_1a9fa4c269cfcc1b738e43095496b061 0.289 156 232 162 215 187 223 181 240 longside
3_1a9fa4c269cfcc1b738e43095496b061 0.294 235 332 240 319 268 329 263 342 shortside
3_1a9fa4c269cfcc1b738e43095496b061 0.294 223 252 228 234 270 247 265 265 shortside
3_1a9fa4c269cfcc1b738e43095496b061 0.301 329 280 334 264 366 273 361 289 shortside
3_1a9fa4c269cfcc1b738e43095496b061 0.303 435 247 448 251 442 268 429 264 shortside
3_1a9fa4c269cfcc1b738e43095496b061 0.307 349 288 355 271 396 283 390 300 shortside
3_1a9fa4c269cfcc1b738e43095496b061 0.307 243 255 247 240 276 248 272 263 shortside
3_1a9fa4c269cfcc1b738e43095496b061 0.309 347 365 350 352 380 360 377 373 shortside
3_1a9fa4c269cfcc1b738e43095496b061 0.309 459 396 464 384 492 395 487 407 shortside
3_1a9fa4c269cfcc1b738e43095496b061 0.309 319 209 335 213 330 234 314 230 shortside
