3_1cec41755e0f17f2ea8b2280a82aa634 0.252 292 154 294 142 323 147 321 159 shortside
3_1cec41755e0f17f2ea8b2280a82aa634 0.254 562 181 587 183 585 218 560 216 shortside
3_1cec41755e0f17f2ea8b2280a82aa634 0.260 320 28 323 9 359 15 356 34 shortside
3_1cec41755e0f17f2ea8b2280a82aa634 0.265 303 25 306 8 344 14 341 31 shortside
3_1cec41755e0f17f2ea8b2280a82aa634 0.269 168 400 186 371 263 419 245 448 longside
3_1cec41755e0f17f2ea8b2280a82aa634 0.269 565 134 591 135 590 167 564 166 shortside
3_1cec41755e0f17f2ea8b2280a82aa634 0.273 564 118 591 119 591 151 564 150 shortside
3_1cec41755e0f17f2ea8b2280a82aa634 0.278 452 42 453 22 495 25 494 45 shortside
3_1cec41755e0f17f2ea8b2280a82aa634 0.280 447 231 500 239 478 376 425 368 longside
3_1cec41755e0f17f2ea8b2280a82aa634 0.299 434 41 436 20 479 22 477 43 shortside
3_1cec41755e0f17f2ea8b2280a82aa634 0.316 404 36 407 15 447 21 444 42 shortside
3_1cec41755e0f17f2ea8b2280a82aa634 0.322 222 198 232 149 347 171 337 220 longside
3_1cec41755e0f17f2ea8b2280a82aa634 0.326 420 39 421 17 463 20 462 42 shortside
3_1cec41755e0f17f2ea8b2280a82aa634 0.340 374 241 442 248 429 370 361 363 longside
3_1cec41755e0f17f2ea8b2280a82aa634 0.352 409 229 478 241 454 378 385 366 longside
3_1cec41755e0f17f2ea8b2280a82aa634 0.474 182 391 206 347 281 388 257 432 longside
