3_1cfe6c8fb2b61bec55f512dad5f89e9c 0.271 355 225 372 270 310 294 293 249 ShortSide_forGripper
3_1cfe6c8fb2b61bec55f512dad5f89e9c 0.279 320 130 337 175 275 199 258 154 ShortSide_forGripper
3_1cfe6c8fb2b61bec55f512dad5f89e9c 0.323 248 81 284 70 299 124 263 135 ShortSide_forGripper
3_1cfe6c8fb2b61bec55f512dad5f89e9c 0.326 423 395 437 437 364 462 350 420 ShortSide_forGripper
3_1cfe6c8fb2b61bec55f512dad5f89e9c 0.334 305 182 324 183 322 213 303 212 LongSide_forGripper
3_1cfe6c8fb2b61bec55f512dad5f89e9c 0.346 383 306 401 352 336 377 318 331 ShortSide_forGripper
3_1cfe6c8fb2b61bec55f512dad5f89e9c 0.347 272 90 294 92 291 129 269 127 LongSide_forGripper
3_1cfe6c8fb2b61bec55f512dad5f89e9c 0.355 425 464 430 483 394 493 389 474 LongSide_forGripper
3_1cfe6c8fb2b61bec55f512dad5f89e9c 0.381 452 487 464 523 391 548 379 512 ShortSide_forGripper
3_1cfe6c8fb2b61bec55f512dad5f89e9c 0.396 353 205 368 248 304 270 289 227 ShortSide_forGripper
3_1cfe6c8fb2b61bec55f512dad5f89e9c 0.407 380 362 394 373 373 401 359 390 LongSide_forGripper
3_1cfe6c8fb2b61bec55f512dad5f89e9c 0.426 399 463 417 460 424 498 406 501 LongSide_forGripper
3_1cfe6c8fb2b61bec55f512dad5f89e9c 0.435 332 273 350 270 355 304 337 307 LongSide_forGripper
