3_1dcd0131d1669843e040bf9e34dfc695 0.250 400 166 400 155 425 157 425 168 shortside
3_1dcd0131d1669843e040bf9e34dfc695 0.253 225 276 228 287 200 295 197 284 shortside
3_1dcd0131d1669843e040bf9e34dfc695 0.254 239 268 243 280 220 287 216 275 shortside
3_1dcd0131d1669843e040bf9e34dfc695 0.259 333 254 363 241 394 313 364 326 longside
3_1dcd0131d1669843e040bf9e34dfc695 0.259 181 288 222 273 262 377 221 392 longside
3_1dcd0131d1669843e040bf9e34dfc695 0.264 213 281 215 288 192 294 190 287 shortside
3_1dcd0131d1669843e040bf9e34dfc695 0.275 378 341 379 309 433 310 432 342 longside
3_1dcd0131d1669843e040bf9e34dfc695 0.276 206 284 207 292 183 295 182 287 shortside
3_1dcd0131d1669843e040bf9e34dfc695 0.277 245 281 279 268 314 362 280 375 longside
3_1dcd0131d1669843e040bf9e34dfc695 0.282 300 196 312 191 319 209 307 214 shortside
3_1dcd0131d1669843e040bf9e34dfc695 0.339 398 300 419 306 409 343 388 337 longside
3_1dcd0131d1669843e040bf9e34dfc695 0.348 203 286 204 295 172 297 171 288 shortside
3_1dcd0131d1669843e040bf9e34dfc695 0.365 412 199 453 214 409 334 368 319 longside
3_1dcd0131d1669843e040bf9e34dfc695 0.394 309 271 348 253 378 318 339 336 longside
3_1dcd0131d1669843e040bf9e34dfc695 0.401 226 271 268 266 283 384 241 389 longside
3_1dcd0131d1669843e040bf9e34dfc695 0.409 353 278 353 228 475 228 475 278 longside
3_1dcd0131d1669843e040bf9e34dfc695 0.411 352 247 376 238 403 304 379 313 longside
3_1dcd0131d1669843e040bf9e34dfc695 0.448 428 209 469 228 427 322 386 303 longside
3_1dcd0131d1669843e040bf9e34dfc695 0.533 195 285 254 248 336 380 277 417 longside
3_1dcd0131d1669843e040bf9e34dfc695 0.542 376 229 418 207 467 300 425 322 longside
