3_1ee405020c96221ec3648f83bb1262ce 0.256 293 296 329 290 336 335 300 341 shortside
3_1ee405020c96221ec3648f83bb1262ce 0.267 369 336 372 375 318 379 315 340 shortside
3_1ee405020c96221ec3648f83bb1262ce 0.268 303 343 325 342 328 372 306 373 longside
3_1ee405020c96221ec3648f83bb1262ce 0.275 317 307 365 304 370 382 322 385 longside
3_1ee405020c96221ec3648f83bb1262ce 0.300 334 345 336 369 293 372 291 348 shortside
3_1ee405020c96221ec3648f83bb1262ce 0.304 309 290 339 290 339 394 309 394 longside
3_1ee405020c96221ec3648f83bb1262ce 0.332 331 291 357 290 360 338 334 339 longside
3_1ee405020c96221ec3648f83bb1262ce 0.357 317 337 344 335 346 374 319 376 longside
3_1ee405020c96221ec3648f83bb1262ce 0.385 295 295 320 295 320 385 295 385 longside
3_1ee405020c96221ec3648f83bb1262ce 0.452 345 333 374 329 382 378 353 382 longside
3_1ee405020c96221ec3648f83bb1262ce 0.453 298 296 327 292 333 337 304 341 longside
3_1ee405020c96221ec3648f83bb1262ce 0.457 330 336 358 332 365 379 337 383 longside
3_1ee405020c96221ec3648f83bb1262ce 0.503 313 294 342 290 348 337 319 341 longside
