3_1fe7a3705387489e4773d7a183337d9 0.266 353 261 372 271 352 312 333 302 ShortSide_forGripper
3_1fe7a3705387489e4773d7a183337d9 0.270 313 315 350 315 350 358 313 358 LongSide_forGripper
3_1fe7a3705387489e4773d7a183337d9 0.311 329 297 342 270 388 292 375 319 ShortSide_forGripper
3_1fe7a3705387489e4773d7a183337d9 0.313 343 309 370 309 370 356 343 356 ShortSide_forGripper
3_1fe7a3705387489e4773d7a183337d9 0.323 362 277 383 288 365 322 344 311 ShortSide_forGripper
3_1fe7a3705387489e4773d7a183337d9 0.351 310 295 327 258 379 282 362 319 ShortSide_forGripper
3_1fe7a3705387489e4773d7a183337d9 0.391 336 315 361 317 357 364 332 362 ShortSide_forGripper
3_1fe7a3705387489e4773d7a183337d9 0.465 336 262 359 269 345 311 322 304 ShortSide_forGripper
3_1fe7a3705387489e4773d7a183337d9 0.494 335 258 381 269 356 369 310 358 ShortSide_forGripper
3_1fe7a3705387489e4773d7a183337d9 0.529 321 313 346 315 342 360 317 358 ShortSide_forGripper
