3_1ff1260bd3c55525bbdbbae7475bcb1e 0.269 350 288 365 263 399 283 384 308 ShortSide_forGripper
3_1ff1260bd3c55525bbdbbae7475bcb1e 0.313 298 294 319 258 387 297 366 333 ShortSide_forGripper
3_1ff1260bd3c55525bbdbbae7475bcb1e 0.325 340 278 357 289 337 319 320 308 ShortSide_forGripper
3_1ff1260bd3c55525bbdbbae7475bcb1e 0.352 363 269 376 246 410 266 397 289 ShortSide_forGripper
3_1ff1260bd3c55525bbdbbae7475bcb1e 0.356 309 259 327 271 306 304 288 292 ShortSide_forGripper
3_1ff1260bd3c55525bbdbbae7475bcb1e 0.377 329 317 344 291 384 314 369 340 ShortSide_forGripper
3_1ff1260bd3c55525bbdbbae7475bcb1e 0.408 342 291 364 257 417 292 395 326 ShortSide_forGripper
3_1ff1260bd3c55525bbdbbae7475bcb1e 0.433 296 363 315 329 363 356 344 390 ShortSide_forGripper
3_1ff1260bd3c55525bbdbbae7475bcb1e 0.442 312 339 334 299 383 326 361 366 ShortSide_forGripper
3_1ff1260bd3c55525bbdbbae7475bcb1e 0.489 287 287 306 253 364 286 345 320 ShortSide_forGripper
3_1ff1260bd3c55525bbdbbae7475bcb1e 0.522 305 344 319 319 370 347 356 372 ShortSide_forGripper
3_1ff1260bd3c55525bbdbbae7475bcb1e 0.537 329 261 349 274 320 320 300 307 ShortSide_forGripper
