3_2acb67458c17af08c4b494041bc63422 0.274 371 293 397 292 400 334 374 335 longside
3_2acb67458c17af08c4b494041bc63422 0.372 330 303 359 301 367 388 338 390 longside
3_2acb67458c17af08c4b494041bc63422 0.380 400 309 403 349 309 356 306 316 longside
3_2acb67458c17af08c4b494041bc63422 0.401 324 296 350 294 353 337 327 339 longside
3_2acb67458c17af08c4b494041bc63422 0.410 366 293 394 293 394 391 366 391 longside
3_2acb67458c17af08c4b494041bc63422 0.414 357 293 383 291 386 336 360 338 longside
3_2acb67458c17af08c4b494041bc63422 0.415 332 292 360 289 365 341 337 344 longside
3_2acb67458c17af08c4b494041bc63422 0.431 307 292 352 286 366 389 321 395 longside
3_2acb67458c17af08c4b494041bc63422 0.508 388 296 392 327 323 337 319 306 longside
3_2acb67458c17af08c4b494041bc63422 0.536 403 341 406 381 322 388 319 348 longside
3_2acb67458c17af08c4b494041bc63422 0.560 325 361 325 334 401 334 401 361 longside
3_2acb67458c17af08c4b494041bc63422 0.625 349 294 377 294 377 389 349 389 longside
