3_2a0f8c4bed9bfc298bb728695007e6ab 0.250 171 352 213 372 180 443 138 423 longside
3_2a0f8c4bed9bfc298bb728695007e6ab 0.266 302 439 333 449 315 502 284 492 longside
3_2a0f8c4bed9bfc298bb728695007e6ab 0.266 438 135 458 143 445 174 425 166 longside
3_2a0f8c4bed9bfc298bb728695007e6ab 0.271 350 439 385 453 361 516 326 502 longside
3_2a0f8c4bed9bfc298bb728695007e6ab 0.273 65 55 96 -13 252 56 221 125 longside
3_2a0f8c4bed9bfc298bb728695007e6ab 0.277 557 1 588 17 562 68 531 52 longside
3_2a0f8c4bed9bfc298bb728695007e6ab 0.279 127 344 163 357 142 413 106 400 longside
3_2a0f8c4bed9bfc298bb728695007e6ab 0.290 329 434 365 447 342 511 306 498 longside
3_2a0f8c4bed9bfc298bb728695007e6ab 0.291 192 370 233 390 203 451 162 431 longside
3_2a0f8c4bed9bfc298bb728695007e6ab 0.297 368 456 394 466 375 513 349 503 longside
3_2a0f8c4bed9bfc298bb728695007e6ab 0.326 -48 272 -13 201 154 283 119 354 longside
3_2a0f8c4bed9bfc298bb728695007e6ab 0.334 531 -3 559 8 540 53 512 41 longside
3_2a0f8c4bed9bfc298bb728695007e6ab 0.354 146 348 189 369 161 429 118 408 longside
3_2a0f8c4bed9bfc298bb728695007e6ab 0.401 34 107 68 32 235 106 201 181 longside
3_2a0f8c4bed9bfc298bb728695007e6ab 0.484 1 172 35 97 206 173 172 248 longside
3_2a0f8c4bed9bfc298bb728695007e6ab 0.542 -27 235 7 160 173 238 138 313 longside
