3_2bc7d666aff945002ed9cbcd7b3383d1 0.255 386 313 398 357 327 376 315 332 longside
3_2bc7d666aff945002ed9cbcd7b3383d1 0.260 318 343 319 318 379 320 378 345 longside
3_2bc7d666aff945002ed9cbcd7b3383d1 0.268 329 283 331 266 398 274 396 291 longside
3_2bc7d666aff945002ed9cbcd7b3383d1 0.274 342 287 342 313 303 314 303 288 longside
3_2bc7d666aff945002ed9cbcd7b3383d1 0.282 310 282 335 281 337 333 312 334 longside
3_2bc7d666aff945002ed9cbcd7b3383d1 0.327 371 300 373 325 288 331 286 306 longside
3_2bc7d666aff945002ed9cbcd7b3383d1 0.364 346 260 390 254 401 341 357 347 longside
3_2bc7d666aff945002ed9cbcd7b3383d1 0.431 332 367 333 343 371 344 370 368 longside
3_2bc7d666aff945002ed9cbcd7b3383d1 0.435 307 295 316 251 406 268 397 312 longside
3_2bc7d666aff945002ed9cbcd7b3383d1 0.464 310 267 354 266 355 354 311 355 longside
3_2bc7d666aff945002ed9cbcd7b3383d1 0.480 363 255 363 280 324 280 324 255 longside
3_2bc7d666aff945002ed9cbcd7b3383d1 0.486 395 275 397 323 294 326 292 278 longside
3_2bc7d666aff945002ed9cbcd7b3383d1 0.487 402 291 413 337 313 360 302 314 longside
