3_2df18c8b44a859da6c09970ea0def16f 0.253 350 237 375 252 347 296 322 281 ShortSide_forGripper
3_2df18c8b44a859da6c09970ea0def16f 0.257 380 263 398 276 379 302 361 289 ShortSide_forGripper
3_2df18c8b44a859da6c09970ea0def16f 0.264 366 250 387 265 363 299 342 284 ShortSide_forGripper
3_2df18c8b44a859da6c09970ea0def16f 0.269 381 246 416 269 370 343 335 320 ShortSide_forGripper
3_2df18c8b44a859da6c09970ea0def16f 0.275 322 218 344 232 307 289 285 275 ShortSide_forGripper
3_2df18c8b44a859da6c09970ea0def16f 0.283 343 301 361 315 342 340 324 326 ShortSide_forGripper
3_2df18c8b44a859da6c09970ea0def16f 0.288 298 272 316 283 301 309 283 298 ShortSide_forGripper
3_2df18c8b44a859da6c09970ea0def16f 0.292 319 324 335 297 376 323 360 350 LongSide_forGripper
3_2df18c8b44a859da6c09970ea0def16f 0.342 333 231 356 245 330 290 307 276 ShortSide_forGripper
3_2df18c8b44a859da6c09970ea0def16f 0.562 373 237 410 263 342 360 305 334 ShortSide_forGripper
3_2df18c8b44a859da6c09970ea0def16f 0.574 332 217 369 241 321 318 284 294 ShortSide_forGripper
