3_2d06ac5a686122fa732b69095a1ced0e 0.254 369 368 380 359 394 375 383 384 LongSide_forGripper
3_2d06ac5a686122fa732b69095a1ced0e 0.254 386 273 409 268 417 302 394 307 ShortSide_forGripper
3_2d06ac5a686122fa732b69095a1ced0e 0.273 381 211 398 221 384 244 367 234 ShortSide_forGripper
3_2d06ac5a686122fa732b69095a1ced0e 0.275 419 316 446 327 418 397 391 386 ShortSide_forGripper
3_2d06ac5a686122fa732b69095a1ced0e 0.279 412 311 443 342 383 402 352 371 ShortSide_forGripper
3_2d06ac5a686122fa732b69095a1ced0e 0.286 390 310 411 335 365 375 344 350 ShortSide_forGripper
3_2d06ac5a686122fa732b69095a1ced0e 0.294 408 274 426 264 441 291 423 301 ShortSide_forGripper
3_2d06ac5a686122fa732b69095a1ced0e 0.297 315 240 332 213 402 255 385 282 ShortSide_forGripper
3_2d06ac5a686122fa732b69095a1ced0e 0.310 398 269 421 265 427 298 404 302 ShortSide_forGripper
3_2d06ac5a686122fa732b69095a1ced0e 0.420 396 257 440 254 445 358 401 361 ShortSide_forGripper
