3_2e70771e34531188b819b798812cdfcb 0.250 388 244 435 234 453 311 406 321 longside
3_2e70771e34531188b819b798812cdfcb 0.253 306 297 339 288 353 338 320 347 longside
3_2e70771e34531188b819b798812cdfcb 0.259 321 293 354 283 368 334 335 344 longside
3_2e70771e34531188b819b798812cdfcb 0.272 401 347 434 336 450 386 417 397 longside
3_2e70771e34531188b819b798812cdfcb 0.292 349 287 382 276 398 324 365 335 longside
3_2e70771e34531188b819b798812cdfcb 0.297 334 289 368 279 383 330 349 340 longside
3_2e70771e34531188b819b798812cdfcb 0.310 379 268 410 257 432 315 401 326 longside
3_2e70771e34531188b819b798812cdfcb 0.311 367 280 398 268 416 315 385 327 longside
3_2e70771e34531188b819b798812cdfcb 0.318 364 202 413 187 455 325 406 340 longside
3_2e70771e34531188b819b798812cdfcb 0.322 364 282 431 251 491 379 424 410 longside
3_2e70771e34531188b819b798812cdfcb 0.348 83 350 111 347 118 409 90 412 longside
3_2e70771e34531188b819b798812cdfcb 0.357 141 330 175 324 188 391 154 397 longside
3_2e70771e34531188b819b798812cdfcb 0.384 121 330 155 323 170 393 136 400 longside
3_2e70771e34531188b819b798812cdfcb 0.500 84 343 126 331 147 404 105 416 longside
