3_2fd92f867dacacdc738e43095496b061 0.256 311 337 312 358 284 360 283 339 ShortSide_forGripper
3_2fd92f867dacacdc738e43095496b061 0.259 325 376 360 378 358 441 323 439 ShortSide_forGripper
3_2fd92f867dacacdc738e43095496b061 0.285 276 249 315 249 315 297 276 297 LongSide_forGripper
3_2fd92f867dacacdc738e43095496b061 0.297 344 374 377 374 377 440 344 440 ShortSide_forGripper
3_2fd92f867dacacdc738e43095496b061 0.311 451 251 457 334 256 348 250 265 ShortSide_forGripper
3_2fd92f867dacacdc738e43095496b061 0.311 278 278 314 278 314 324 278 324 LongSide_forGripper
3_2fd92f867dacacdc738e43095496b061 0.318 278 313 314 312 317 356 281 357 LongSide_forGripper
3_2fd92f867dacacdc738e43095496b061 0.340 376 376 410 375 411 441 377 442 ShortSide_forGripper
3_2fd92f867dacacdc738e43095496b061 0.342 353 371 398 370 400 444 355 445 ShortSide_forGripper
3_2fd92f867dacacdc738e43095496b061 0.357 396 383 425 383 425 439 396 439 ShortSide_forGripper
3_2fd92f867dacacdc738e43095496b061 0.407 408 378 447 378 447 441 408 441 ShortSide_forGripper
