3_3d988ea2b68f48c7492d9da2668ec34c 0.253 562 89 568 68 597 76 591 97 longside
3_3d988ea2b68f48c7492d9da2668ec34c 0.257 300 152 313 110 369 127 356 169 longside
3_3d988ea2b68f48c7492d9da2668ec34c 0.262 348 -3 382 6 371 45 337 35 shortside
3_3d988ea2b68f48c7492d9da2668ec34c 0.270 504 185 517 137 581 154 568 202 longside
3_3d988ea2b68f48c7492d9da2668ec34c 0.272 560 80 596 91 583 133 547 122 shortside
3_3d988ea2b68f48c7492d9da2668ec34c 0.272 581 41 602 48 594 76 573 69 shortside
3_3d988ea2b68f48c7492d9da2668ec34c 0.276 484 246 497 200 563 217 550 263 longside
3_3d988ea2b68f48c7492d9da2668ec34c 0.278 493 226 505 182 568 199 556 243 longside
3_3d988ea2b68f48c7492d9da2668ec34c 0.283 581 42 600 47 594 73 575 68 longside
3_3d988ea2b68f48c7492d9da2668ec34c 0.297 339 11 381 23 368 70 326 58 shortside
3_3d988ea2b68f48c7492d9da2668ec34c 0.297 567 64 598 72 588 107 557 99 shortside
3_3d988ea2b68f48c7492d9da2668ec34c 0.310 226 277 250 234 325 276 301 319 longside
3_3d988ea2b68f48c7492d9da2668ec34c 0.323 288 180 301 133 363 151 350 198 longside
3_3d988ea2b68f48c7492d9da2668ec34c 0.324 141 399 166 364 232 412 207 447 longside
3_3d988ea2b68f48c7492d9da2668ec34c 0.379 178 352 207 312 277 363 248 403 longside
