3_3d6f74128454137a905e36dd4a970884 0.260 364 262 399 253 413 307 378 316 longside
3_3d6f74128454137a905e36dd4a970884 0.279 213 302 246 294 256 339 223 347 shortside
3_3d6f74128454137a905e36dd4a970884 0.285 233 301 260 295 268 334 241 340 longside
3_3d6f74128454137a905e36dd4a970884 0.289 247 295 275 289 284 332 256 338 longside
3_3d6f74128454137a905e36dd4a970884 0.300 383 256 417 250 428 307 394 313 longside
3_3d6f74128454137a905e36dd4a970884 0.301 439 189 452 164 494 186 481 211 longside
3_3d6f74128454137a905e36dd4a970884 0.306 479 222 487 261 432 273 424 234 longside
3_3d6f74128454137a905e36dd4a970884 0.307 319 271 354 263 368 324 333 332 longside
3_3d6f74128454137a905e36dd4a970884 0.322 267 292 292 287 300 327 275 332 longside
3_3d6f74128454137a905e36dd4a970884 0.327 318 338 336 336 339 359 321 361 shortside
3_3d6f74128454137a905e36dd4a970884 0.328 337 269 374 261 386 314 349 322 longside
3_3d6f74128454137a905e36dd4a970884 0.346 492 283 498 321 447 330 441 292 longside
3_3d6f74128454137a905e36dd4a970884 0.350 200 309 226 301 239 342 213 350 longside
3_3d6f74128454137a905e36dd4a970884 0.362 216 305 243 299 251 338 224 344 longside
