3_3fed5fc1f1f6f38ed9deb3f829cc2475 0.322 217 264 254 258 268 359 231 365 ShortSide_forGripper
3_3fed5fc1f1f6f38ed9deb3f829cc2475 0.340 180 270 213 266 227 365 194 369 ShortSide_forGripper
3_3fed5fc1f1f6f38ed9deb3f829cc2475 0.476 301 218 333 213 348 321 316 326 ShortSide_forGripper
3_3fed5fc1f1f6f38ed9deb3f829cc2475 0.486 285 280 292 329 180 345 173 296 ShortSide_forGripper
3_3fed5fc1f1f6f38ed9deb3f829cc2475 0.499 377 252 381 285 272 297 268 264 ShortSide_forGripper
3_3fed5fc1f1f6f38ed9deb3f829cc2475 0.500 470 304 479 352 373 371 364 323 ShortSide_forGripper
3_3fed5fc1f1f6f38ed9deb3f829cc2475 0.509 317 228 361 222 372 311 328 317 ShortSide_forGripper
3_3fed5fc1f1f6f38ed9deb3f829cc2475 0.522 227 261 275 253 292 350 244 358 ShortSide_forGripper
3_3fed5fc1f1f6f38ed9deb3f829cc2475 0.548 190 269 237 263 251 362 204 368 ShortSide_forGripper
3_3fed5fc1f1f6f38ed9deb3f829cc2475 0.587 268 236 313 228 329 319 284 327 ShortSide_forGripper
3_3fed5fc1f1f6f38ed9deb3f829cc2475 0.595 396 281 430 276 447 384 413 389 ShortSide_forGripper
3_3fed5fc1f1f6f38ed9deb3f829cc2475 0.650 369 296 411 291 422 383 380 388 ShortSide_forGripper
3_3fed5fc1f1f6f38ed9deb3f829cc2475 0.726 418 285 462 277 477 366 433 374 ShortSide_forGripper
