3_4a2a3ef283ebab579e1e8b2486a6bb4a 0.251 388 82 444 90 421 251 365 243 ShortSide_forGripper
3_4a2a3ef283ebab579e1e8b2486a6bb4a 0.253 284 356 311 360 301 429 274 425 ShortSide_forGripper
3_4a2a3ef283ebab579e1e8b2486a6bb4a 0.263 219 195 227 163 328 188 320 220 ShortSide_forGripper
3_4a2a3ef283ebab579e1e8b2486a6bb4a 0.268 233 279 256 292 222 350 199 337 ShortSide_forGripper
3_4a2a3ef283ebab579e1e8b2486a6bb4a 0.276 247 173 290 152 328 230 285 251 ShortSide_forGripper
3_4a2a3ef283ebab579e1e8b2486a6bb4a 0.276 344 171 344 137 451 138 451 172 ShortSide_forGripper
3_4a2a3ef283ebab579e1e8b2486a6bb4a 0.276 174 268 208 271 203 325 169 322 ShortSide_forGripper
3_4a2a3ef283ebab579e1e8b2486a6bb4a 0.279 282 296 302 339 219 377 199 334 ShortSide_forGripper
3_4a2a3ef283ebab579e1e8b2486a6bb4a 0.282 398 100 445 105 437 185 390 180 ShortSide_forGripper
3_4a2a3ef283ebab579e1e8b2486a6bb4a 0.286 246 350 275 363 249 421 220 408 ShortSide_forGripper
3_4a2a3ef283ebab579e1e8b2486a6bb4a 0.299 332 190 340 115 471 129 463 204 ShortSide_forGripper
3_4a2a3ef283ebab579e1e8b2486a6bb4a 0.306 171 329 176 284 258 292 253 337 ShortSide_forGripper
3_4a2a3ef283ebab579e1e8b2486a6bb4a 0.332 269 361 299 365 292 420 262 416 ShortSide_forGripper
3_4a2a3ef283ebab579e1e8b2486a6bb4a 0.333 190 274 222 281 211 339 179 332 ShortSide_forGripper
3_4a2a3ef283ebab579e1e8b2486a6bb4a 0.338 250 364 280 369 271 419 241 414 ShortSide_forGripper
3_4a2a3ef283ebab579e1e8b2486a6bb4a 0.341 350 151 354 112 453 120 449 159 ShortSide_forGripper
3_4a2a3ef283ebab579e1e8b2486a6bb4a 0.352 281 279 297 325 218 352 202 306 ShortSide_forGripper
3_4a2a3ef283ebab579e1e8b2486a6bb4a 0.365 207 269 234 276 218 346 191 339 ShortSide_forGripper
3_4a2a3ef283ebab579e1e8b2486a6bb4a 0.372 233 129 251 158 208 184 190 155 ShortSide_forGripper
3_4a2a3ef283ebab579e1e8b2486a6bb4a 0.422 515 215 526 264 440 284 429 235 ShortSide_forGripper
3_4a2a3ef283ebab579e1e8b2486a6bb4a 0.434 388 89 417 92 405 204 376 201 ShortSide_forGripper
3_4a2a3ef283ebab579e1e8b2486a6bb4a 0.452 375 386 404 349 468 399 439 436 ShortSide_forGripper
3_4a2a3ef283ebab579e1e8b2486a6bb4a 0.460 318 362 361 372 345 439 302 429 ShortSide_forGripper
3_4a2a3ef283ebab579e1e8b2486a6bb4a 0.516 298 350 342 362 321 435 277 423 ShortSide_forGripper
3_4a2a3ef283ebab579e1e8b2486a6bb4a 0.583 303 160 322 205 228 243 209 198 ShortSide_forGripper
