4_1b44b8c1d714e271aac156c397da9fd0 0.252 317 308 332 304 338 325 323 329 shortside
4_1b44b8c1d714e271aac156c397da9fd0 0.253 390 291 402 287 407 304 395 308 shortside
4_1b44b8c1d714e271aac156c397da9fd0 0.262 306 274 324 270 329 291 311 295 shortside
4_1b44b8c1d714e271aac156c397da9fd0 0.281 317 316 334 311 340 335 323 340 shortside
4_1b44b8c1d714e271aac156c397da9fd0 0.287 414 308 420 333 333 357 327 332 longside
4_1b44b8c1d714e271aac156c397da9fd0 0.289 304 281 329 275 335 304 310 310 shortside
4_1b44b8c1d714e271aac156c397da9fd0 0.294 397 322 401 333 378 341 374 330 shortside
4_1b44b8c1d714e271aac156c397da9fd0 0.312 378 255 390 251 395 268 383 272 shortside
4_1b44b8c1d714e271aac156c397da9fd0 0.323 384 278 395 275 401 293 390 296 shortside
4_1b44b8c1d714e271aac156c397da9fd0 0.328 387 286 397 282 402 299 392 303 shortside
4_1b44b8c1d714e271aac156c397da9fd0 0.333 389 324 393 336 370 343 366 331 shortside
4_1b44b8c1d714e271aac156c397da9fd0 0.334 381 326 385 338 362 345 358 333 shortside
4_1b44b8c1d714e271aac156c397da9fd0 0.336 374 330 376 339 355 345 353 336 shortside
4_1b44b8c1d714e271aac156c397da9fd0 0.382 416 282 427 322 311 353 300 313 longside
4_1b44b8c1d714e271aac156c397da9fd0 0.405 394 218 409 268 295 303 280 253 longside
4_1b44b8c1d714e271aac156c397da9fd0 0.491 415 256 428 304 302 337 289 289 longside
