4_1c962f8489d78531cc98452c8fce6b43 0.264 298 231 326 236 319 276 291 271 ShortSide_forGripper
4_1c962f8489d78531cc98452c8fce6b43 0.277 215 220 256 217 262 287 221 290 ShortSide_forGripper
4_1c962f8489d78531cc98452c8fce6b43 0.286 199 212 254 209 260 341 205 344 ShortSide_forGripper
4_1c962f8489d78531cc98452c8fce6b43 0.290 441 359 462 391 410 426 389 394 ShortSide_forGripper
4_1c962f8489d78531cc98452c8fce6b43 0.291 354 165 383 120 463 172 434 217 ShortSide_forGripper
4_1c962f8489d78531cc98452c8fce6b43 0.292 186 223 225 220 231 288 192 291 ShortSide_forGripper
4_1c962f8489d78531cc98452c8fce6b43 0.301 424 332 451 362 395 413 368 383 ShortSide_forGripper
4_1c962f8489d78531cc98452c8fce6b43 0.337 331 204 356 152 448 197 423 249 ShortSide_forGripper
4_1c962f8489d78531cc98452c8fce6b43 0.350 168 224 213 226 209 293 164 291 ShortSide_forGripper
4_1c962f8489d78531cc98452c8fce6b43 0.356 325 240 347 187 436 225 414 278 ShortSide_forGripper
4_1c962f8489d78531cc98452c8fce6b43 0.412 247 384 285 331 362 387 324 440 ShortSide_forGripper
