4_1c71617b336d49e7df8911934be85fa6 0.268 284 321 353 296 391 402 322 427 ShortSide_forGripper
4_1c71617b336d49e7df8911934be85fa6 0.274 340 282 370 292 343 377 313 367 ShortSide_forGripper
4_1c71617b336d49e7df8911934be85fa6 0.276 409 401 417 392 430 406 422 415 LongSide_forGripper
4_1c71617b336d49e7df8911934be85fa6 0.279 296 310 320 312 315 369 291 367 ShortSide_forGripper
4_1c71617b336d49e7df8911934be85fa6 0.279 308 383 319 352 375 372 364 403 ShortSide_forGripper
4_1c71617b336d49e7df8911934be85fa6 0.283 420 413 427 406 439 420 432 427 LongSide_forGripper
4_1c71617b336d49e7df8911934be85fa6 0.284 317 259 349 223 436 298 404 334 ShortSide_forGripper
4_1c71617b336d49e7df8911934be85fa6 0.290 423 417 431 409 444 424 436 432 LongSide_forGripper
4_1c71617b336d49e7df8911934be85fa6 0.316 416 409 425 401 437 416 428 424 LongSide_forGripper
4_1c71617b336d49e7df8911934be85fa6 0.327 305 394 317 373 356 397 344 418 ShortSide_forGripper
4_1c71617b336d49e7df8911934be85fa6 0.329 274 291 300 282 327 354 301 363 ShortSide_forGripper
4_1c71617b336d49e7df8911934be85fa6 0.337 369 292 385 275 418 305 402 322 ShortSide_forGripper
4_1c71617b336d49e7df8911934be85fa6 0.345 274 296 329 264 389 367 334 399 ShortSide_forGripper
4_1c71617b336d49e7df8911934be85fa6 0.358 335 255 340 224 394 232 389 263 ShortSide_forGripper
4_1c71617b336d49e7df8911934be85fa6 0.383 399 266 422 249 448 283 425 300 ShortSide_forGripper
4_1c71617b336d49e7df8911934be85fa6 0.386 331 277 337 247 376 256 370 286 ShortSide_forGripper
4_1c71617b336d49e7df8911934be85fa6 0.410 408 254 435 233 465 271 438 292 ShortSide_forGripper
4_1c71617b336d49e7df8911934be85fa6 0.438 333 302 355 284 410 349 388 367 ShortSide_forGripper
4_1c71617b336d49e7df8911934be85fa6 0.451 349 298 382 269 428 321 395 350 ShortSide_forGripper
4_1c71617b336d49e7df8911934be85fa6 0.549 291 277 336 280 332 374 287 371 ShortSide_forGripper
