4_1c26d5cc428bf6c3eac39ed23cec8f38 0.252 390 258 396 327 213 343 207 274 longside
4_1c26d5cc428bf6c3eac39ed23cec8f38 0.259 290 339 316 365 281 400 255 374 longside
4_1c26d5cc428bf6c3eac39ed23cec8f38 0.260 275 303 299 343 250 372 226 332 longside
4_1c26d5cc428bf6c3eac39ed23cec8f38 0.271 473 256 478 286 432 295 427 265 longside
4_1c26d5cc428bf6c3eac39ed23cec8f38 0.271 377 370 406 354 428 393 399 409 longside
4_1c26d5cc428bf6c3eac39ed23cec8f38 0.271 268 285 308 230 433 320 393 375 longside
4_1c26d5cc428bf6c3eac39ed23cec8f38 0.273 425 343 435 322 462 336 452 357 longside
4_1c26d5cc428bf6c3eac39ed23cec8f38 0.278 240 245 254 220 291 240 277 265 longside
4_1c26d5cc428bf6c3eac39ed23cec8f38 0.285 430 317 436 290 473 298 467 325 longside
4_1c26d5cc428bf6c3eac39ed23cec8f38 0.286 402 260 415 302 287 343 274 301 longside
4_1c26d5cc428bf6c3eac39ed23cec8f38 0.287 457 232 467 256 430 271 420 247 longside
4_1c26d5cc428bf6c3eac39ed23cec8f38 0.302 418 307 423 275 477 284 472 316 longside
4_1c26d5cc428bf6c3eac39ed23cec8f38 0.311 342 366 373 363 377 413 346 416 longside
4_1c26d5cc428bf6c3eac39ed23cec8f38 0.315 272 304 281 329 243 343 234 318 longside
4_1c26d5cc428bf6c3eac39ed23cec8f38 0.328 272 269 273 298 233 298 232 269 longside
4_1c26d5cc428bf6c3eac39ed23cec8f38 0.333 383 177 413 188 396 232 366 221 longside
4_1c26d5cc428bf6c3eac39ed23cec8f38 0.337 433 200 457 226 418 261 394 235 longside
4_1c26d5cc428bf6c3eac39ed23cec8f38 0.337 255 216 282 193 312 229 285 252 longside
4_1c26d5cc428bf6c3eac39ed23cec8f38 0.350 364 173 395 179 387 224 356 218 longside
4_1c26d5cc428bf6c3eac39ed23cec8f38 0.355 277 327 291 351 258 370 244 346 longside
4_1c26d5cc428bf6c3eac39ed23cec8f38 0.375 340 172 372 172 373 223 341 223 longside
4_1c26d5cc428bf6c3eac39ed23cec8f38 0.379 273 283 276 311 232 316 229 288 longside
4_1c26d5cc428bf6c3eac39ed23cec8f38 0.383 276 197 303 183 325 228 298 242 longside
4_1c26d5cc428bf6c3eac39ed23cec8f38 0.384 368 368 398 358 413 403 383 413 longside
4_1c26d5cc428bf6c3eac39ed23cec8f38 0.395 355 369 385 362 396 410 366 417 longside
4_1c26d5cc428bf6c3eac39ed23cec8f38 0.397 401 186 425 199 404 237 380 224 longside
4_1c26d5cc428bf6c3eac39ed23cec8f38 0.397 235 264 244 238 284 253 275 279 longside
4_1c26d5cc428bf6c3eac39ed23cec8f38 0.401 295 188 322 179 336 221 309 230 longside
4_1c26d5cc428bf6c3eac39ed23cec8f38 0.438 323 175 353 171 360 220 330 224 longside
4_1c26d5cc428bf6c3eac39ed23cec8f38 0.471 305 179 336 170 350 220 319 229 longside
