4_1e8e7516bbcebffa9747aeab33832f4 0.260 292 341 305 308 353 326 340 359 LongSide_forGripper
4_1e8e7516bbcebffa9747aeab33832f4 0.263 358 320 384 329 369 373 343 364 ShortSide_forGripper
4_1e8e7516bbcebffa9747aeab33832f4 0.269 274 276 299 285 277 341 252 332 ShortSide_forGripper
4_1e8e7516bbcebffa9747aeab33832f4 0.271 317 349 331 316 374 334 360 367 LongSide_forGripper
4_1e8e7516bbcebffa9747aeab33832f4 0.273 425 290 444 315 410 341 391 316 LongSide_forGripper
4_1e8e7516bbcebffa9747aeab33832f4 0.310 374 325 395 308 417 336 396 353 ShortSide_forGripper
4_1e8e7516bbcebffa9747aeab33832f4 0.313 412 301 427 323 395 346 380 324 LongSide_forGripper
4_1e8e7516bbcebffa9747aeab33832f4 0.321 393 313 413 297 436 326 416 342 ShortSide_forGripper
4_1e8e7516bbcebffa9747aeab33832f4 0.375 310 303 338 313 321 356 293 346 ShortSide_forGripper
4_1e8e7516bbcebffa9747aeab33832f4 0.398 293 295 321 306 304 350 276 339 ShortSide_forGripper
4_1e8e7516bbcebffa9747aeab33832f4 0.427 334 314 361 324 345 365 318 355 ShortSide_forGripper
