4_2c97406faedae052f2339b8c838be8ab 0.256 332 329 342 346 317 360 307 343 LongSide_forGripper
4_2c97406faedae052f2339b8c838be8ab 0.269 312 324 332 282 435 333 415 375 ShortSide_forGripper
4_2c97406faedae052f2339b8c838be8ab 0.277 352 281 368 286 361 310 345 305 ShortSide_forGripper
4_2c97406faedae052f2339b8c838be8ab 0.290 328 320 332 304 355 309 351 325 LongSide_forGripper
4_2c97406faedae052f2339b8c838be8ab 0.291 290 342 316 300 429 371 403 413 ShortSide_forGripper
4_2c97406faedae052f2339b8c838be8ab 0.293 327 314 335 301 356 315 348 328 ShortSide_forGripper
4_2c97406faedae052f2339b8c838be8ab 0.300 339 329 347 344 326 356 318 341 ShortSide_forGripper
4_2c97406faedae052f2339b8c838be8ab 0.324 345 288 360 282 368 303 353 309 LongSide_forGripper
4_2c97406faedae052f2339b8c838be8ab 0.526 402 321 439 345 389 420 352 396 ShortSide_forGripper
4_2c97406faedae052f2339b8c838be8ab 0.625 343 366 364 322 444 361 423 405 ShortSide_forGripper
