4_3a6e1c3f0755d58d774ba10f0bcc178a 0.250 302 388 306 368 345 375 341 395 ShortSide_forGripper
4_3a6e1c3f0755d58d774ba10f0bcc178a 0.251 381 309 411 305 416 350 386 354 ShortSide_forGripper
4_3a6e1c3f0755d58d774ba10f0bcc178a 0.253 344 260 374 232 409 269 379 297 ShortSide_forGripper
4_3a6e1c3f0755d58d774ba10f0bcc178a 0.262 316 326 320 291 401 301 397 336 ShortSide_forGripper
4_3a6e1c3f0755d58d774ba10f0bcc178a 0.264 352 296 361 324 277 349 268 321 ShortSide_forGripper
4_3a6e1c3f0755d58d774ba10f0bcc178a 0.265 285 254 308 244 330 297 307 307 ShortSide_forGripper
4_3a6e1c3f0755d58d774ba10f0bcc178a 0.266 288 324 323 315 343 387 308 396 ShortSide_forGripper
4_3a6e1c3f0755d58d774ba10f0bcc178a 0.268 344 351 364 359 351 392 331 384 ShortSide_forGripper
4_3a6e1c3f0755d58d774ba10f0bcc178a 0.272 295 308 297 285 366 291 364 314 ShortSide_forGripper
4_3a6e1c3f0755d58d774ba10f0bcc178a 0.282 365 316 372 343 282 365 275 338 ShortSide_forGripper
4_3a6e1c3f0755d58d774ba10f0bcc178a 0.294 294 388 294 355 362 355 362 388 ShortSide_forGripper
4_3a6e1c3f0755d58d774ba10f0bcc178a 0.299 308 348 316 324 389 351 381 375 ShortSide_forGripper
4_3a6e1c3f0755d58d774ba10f0bcc178a 0.304 280 263 304 270 287 336 263 329 ShortSide_forGripper
4_3a6e1c3f0755d58d774ba10f0bcc178a 0.305 307 342 329 337 344 403 322 408 ShortSide_forGripper
4_3a6e1c3f0755d58d774ba10f0bcc178a 0.306 420 289 428 322 361 338 353 305 ShortSide_forGripper
4_3a6e1c3f0755d58d774ba10f0bcc178a 0.319 327 271 347 247 396 288 376 312 ShortSide_forGripper
4_3a6e1c3f0755d58d774ba10f0bcc178a 0.324 372 238 389 220 417 245 400 263 ShortSide_forGripper
4_3a6e1c3f0755d58d774ba10f0bcc178a 0.325 396 312 406 343 323 371 313 340 ShortSide_forGripper
4_3a6e1c3f0755d58d774ba10f0bcc178a 0.331 425 310 426 342 360 345 359 313 ShortSide_forGripper
4_3a6e1c3f0755d58d774ba10f0bcc178a 0.332 316 241 336 244 327 296 307 293 ShortSide_forGripper
4_3a6e1c3f0755d58d774ba10f0bcc178a 0.337 309 256 333 250 354 331 330 337 ShortSide_forGripper
4_3a6e1c3f0755d58d774ba10f0bcc178a 0.344 251 288 296 264 348 361 303 385 ShortSide_forGripper
4_3a6e1c3f0755d58d774ba10f0bcc178a 0.350 313 300 329 255 434 291 418 336 ShortSide_forGripper
4_3a6e1c3f0755d58d774ba10f0bcc178a 0.373 296 280 296 256 337 257 337 281 ShortSide_forGripper
4_3a6e1c3f0755d58d774ba10f0bcc178a 0.374 276 290 281 260 375 275 370 305 ShortSide_forGripper
4_3a6e1c3f0755d58d774ba10f0bcc178a 0.374 336 271 341 297 263 312 258 286 ShortSide_forGripper
4_3a6e1c3f0755d58d774ba10f0bcc178a 0.381 333 283 356 287 342 364 319 360 ShortSide_forGripper
4_3a6e1c3f0755d58d774ba10f0bcc178a 0.383 339 284 345 310 262 331 256 305 ShortSide_forGripper
4_3a6e1c3f0755d58d774ba10f0bcc178a 0.390 262 313 273 277 387 314 376 350 ShortSide_forGripper
4_3a6e1c3f0755d58d774ba10f0bcc178a 0.394 388 302 394 325 307 347 301 324 ShortSide_forGripper
4_3a6e1c3f0755d58d774ba10f0bcc178a 0.428 279 374 286 327 378 341 371 388 ShortSide_forGripper
4_3a6e1c3f0755d58d774ba10f0bcc178a 0.475 285 249 330 258 310 348 265 339 ShortSide_forGripper
4_3a6e1c3f0755d58d774ba10f0bcc178a 0.503 290 270 339 260 363 385 314 395 ShortSide_forGripper
4_3a6e1c3f0755d58d774ba10f0bcc178a 0.530 365 272 366 320 256 323 255 275 ShortSide_forGripper
4_3a6e1c3f0755d58d774ba10f0bcc178a 0.534 276 348 280 298 409 309 405 359 ShortSide_forGripper
