4_3a7817f9eaee1f376bb6bc0db07c71e8 0.264 344 196 370 166 415 205 389 235 ShortSide_forGripper
4_3a7817f9eaee1f376bb6bc0db07c71e8 0.272 448 342 499 291 601 393 550 444 ShortSide_forGripper
4_3a7817f9eaee1f376bb6bc0db07c71e8 0.278 374 321 398 292 441 326 417 355 LongSide_forGripper
4_3a7817f9eaee1f376bb6bc0db07c71e8 0.304 313 221 343 187 396 232 366 266 ShortSide_forGripper
4_3a7817f9eaee1f376bb6bc0db07c71e8 0.306 497 414 526 384 574 429 545 459 ShortSide_forGripper
4_3a7817f9eaee1f376bb6bc0db07c71e8 0.316 518 372 547 331 619 381 590 422 ShortSide_forGripper
4_3a7817f9eaee1f376bb6bc0db07c71e8 0.363 383 408 435 349 546 445 494 504 ShortSide_forGripper
4_3a7817f9eaee1f376bb6bc0db07c71e8 0.395 441 375 477 334 594 436 558 477 ShortSide_forGripper
4_3a7817f9eaee1f376bb6bc0db07c71e8 0.400 411 376 447 335 534 411 498 452 ShortSide_forGripper
4_3a7817f9eaee1f376bb6bc0db07c71e8 0.476 450 344 488 306 559 377 521 415 ShortSide_forGripper
