4_3a234019cd1da956fd3e16c646c7a0a1 0.252 272 304 309 291 343 385 306 398 ShortSide_forGripper
4_3a234019cd1da956fd3e16c646c7a0a1 0.253 352 297 377 285 393 318 368 330 ShortSide_forGripper
4_3a234019cd1da956fd3e16c646c7a0a1 0.254 406 274 418 299 379 319 367 294 LongSide_forGripper
4_3a234019cd1da956fd3e16c646c7a0a1 0.257 240 405 256 380 295 404 279 429 ShortSide_forGripper
4_3a234019cd1da956fd3e16c646c7a0a1 0.258 454 248 466 273 433 289 421 264 LongSide_forGripper
4_3a234019cd1da956fd3e16c646c7a0a1 0.275 422 264 435 289 399 307 386 282 LongSide_forGripper
4_3a234019cd1da956fd3e16c646c7a0a1 0.284 247 304 288 297 306 403 265 410 ShortSide_forGripper
4_3a234019cd1da956fd3e16c646c7a0a1 0.291 440 252 463 238 481 267 458 281 ShortSide_forGripper
4_3a234019cd1da956fd3e16c646c7a0a1 0.294 453 242 477 230 494 263 470 275 ShortSide_forGripper
4_3a234019cd1da956fd3e16c646c7a0a1 0.304 391 281 404 306 368 324 355 299 LongSide_forGripper
4_3a234019cd1da956fd3e16c646c7a0a1 0.465 469 220 494 206 520 253 495 267 ShortSide_forGripper
