4_3ba8803f914ac8d767ff608a5fbe6aa8 0.250 439 275 441 286 416 290 414 279 shortside
4_3ba8803f914ac8d767ff608a5fbe6aa8 0.267 270 291 291 289 295 324 274 326 longside
4_3ba8803f914ac8d767ff608a5fbe6aa8 0.332 358 262 394 264 387 353 351 351 longside
4_3ba8803f914ac8d767ff608a5fbe6aa8 0.332 298 274 330 275 329 345 297 344 longside
4_3ba8803f914ac8d767ff608a5fbe6aa8 0.349 423 333 423 321 449 321 449 333 shortside
4_3ba8803f914ac8d767ff608a5fbe6aa8 0.352 325 262 369 265 364 351 320 348 longside
4_3ba8803f914ac8d767ff608a5fbe6aa8 0.365 311 261 346 263 340 350 305 348 longside
4_3ba8803f914ac8d767ff608a5fbe6aa8 0.417 446 273 446 284 423 286 423 275 shortside
4_3ba8803f914ac8d767ff608a5fbe6aa8 0.460 254 290 278 286 285 327 261 331 longside
4_3ba8803f914ac8d767ff608a5fbe6aa8 0.541 384 259 421 261 417 358 380 356 longside
4_3ba8803f914ac8d767ff608a5fbe6aa8 0.671 398 258 443 257 447 355 402 356 longside
