4_3dc39c34c37860da2ef1c225dc7772c5 0.260 368 344 387 341 391 367 372 370 shortside
4_3dc39c34c37860da2ef1c225dc7772c5 0.266 369 345 387 342 390 366 372 369 longside
4_3dc39c34c37860da2ef1c225dc7772c5 0.272 367 358 390 355 394 385 371 388 shortside
4_3dc39c34c37860da2ef1c225dc7772c5 0.275 347 294 370 298 364 335 341 331 longside
4_3dc39c34c37860da2ef1c225dc7772c5 0.276 306 289 330 292 325 330 301 327 longside
4_3dc39c34c37860da2ef1c225dc7772c5 0.291 369 230 393 230 393 265 369 265 longside
4_3dc39c34c37860da2ef1c225dc7772c5 0.301 357 261 360 232 402 236 399 265 shortside
4_3dc39c34c37860da2ef1c225dc7772c5 0.347 331 296 352 299 348 331 327 328 longside
4_3dc39c34c37860da2ef1c225dc7772c5 0.389 322 288 346 292 339 331 315 327 longside
4_3dc39c34c37860da2ef1c225dc7772c5 0.500 332 222 363 225 353 337 322 334 longside
4_3dc39c34c37860da2ef1c225dc7772c5 0.541 344 220 388 225 375 343 331 338 longside
4_3dc39c34c37860da2ef1c225dc7772c5 0.640 313 223 355 228 342 336 300 331 longside
