4_3dee60791dc74969b056c98b2e5e5e4e 0.251 378 294 401 306 367 367 344 355 longside
4_3dee60791dc74969b056c98b2e5e5e4e 0.263 290 324 316 283 431 355 405 396 longside
4_3dee60791dc74969b056c98b2e5e5e4e 0.267 329 291 355 307 326 356 300 340 longside
4_3dee60791dc74969b056c98b2e5e5e4e 0.277 455 335 481 356 450 394 424 373 longside
4_3dee60791dc74969b056c98b2e5e5e4e 0.288 368 266 404 290 359 359 323 335 longside
4_3dee60791dc74969b056c98b2e5e5e4e 0.328 232 223 239 211 259 224 252 236 shortside
4_3dee60791dc74969b056c98b2e5e5e4e 0.338 268 293 280 299 271 316 259 310 shortside
4_3dee60791dc74969b056c98b2e5e5e4e 0.360 300 328 314 306 353 331 339 353 longside
4_3dee60791dc74969b056c98b2e5e5e4e 0.405 358 360 368 336 403 351 393 375 longside
4_3dee60791dc74969b056c98b2e5e5e4e 0.412 333 258 374 283 326 363 285 338 longside
4_3dee60791dc74969b056c98b2e5e5e4e 0.416 308 233 350 258 307 330 265 305 longside
4_3dee60791dc74969b056c98b2e5e5e4e 0.426 473 346 502 369 468 413 439 390 longside
4_3dee60791dc74969b056c98b2e5e5e4e 0.471 382 294 424 312 393 389 351 371 longside
4_3dee60791dc74969b056c98b2e5e5e4e 0.589 286 222 323 242 285 309 248 289 longside
