4_3f34b7f6ef1fd8e7891aaffa5a7c7cad 0.285 503 280 513 309 450 331 440 302 longside
4_3f34b7f6ef1fd8e7891aaffa5a7c7cad 0.364 412 225 479 206 519 344 452 363 longside
4_3f34b7f6ef1fd8e7891aaffa5a7c7cad 0.399 281 356 292 386 210 417 199 387 longside
4_3f34b7f6ef1fd8e7891aaffa5a7c7cad 0.447 374 214 421 197 481 361 434 378 longside
4_3f34b7f6ef1fd8e7891aaffa5a7c7cad 0.529 177 271 233 255 286 440 230 456 longside
4_3f34b7f6ef1fd8e7891aaffa5a7c7cad 0.540 245 261 296 242 356 406 305 425 longside
4_3f34b7f6ef1fd8e7891aaffa5a7c7cad 0.623 337 223 406 202 458 374 389 395 longside
4_3f34b7f6ef1fd8e7891aaffa5a7c7cad 0.625 211 272 277 253 324 415 258 434 longside
4_3f34b7f6ef1fd8e7891aaffa5a7c7cad 0.714 302 242 366 220 421 381 357 403 longside
4_3f34b7f6ef1fd8e7891aaffa5a7c7cad 0.781 270 251 337 228 393 392 326 415 longside
