pcd0626r 0.254 287 178 297 149 350 167 340 196 ShortSide_forGripper
pcd0626r 0.266 336 278 337 256 361 257 360 279 ShortSide_forGripper
pcd0626r 0.309 289 292 290 258 342 259 341 293 ShortSide_forGripper
pcd0626r 0.328 295 268 321 270 320 297 294 295 ShortSide_forGripper
pcd0626r 0.341 300 265 304 226 367 232 363 271 ShortSide_forGripper
pcd0626r 0.391 355 276 356 304 326 305 325 277 ShortSide_forGripper
pcd0626r 0.392 311 285 313 247 362 248 360 286 ShortSide_forGripper
pcd0626r 0.409 334 263 358 263 357 288 333 288 ShortSide_forGripper
pcd0626r 0.487 276 218 288 176 381 203 369 245 ShortSide_forGripper
pcd0626r 0.547 299 302 299 269 361 269 361 302 ShortSide_forGripper
pcd0626r 0.549 282 292 282 235 375 235 375 292 ShortSide_forGripper
pcd0626r 0.645 276 247 285 197 383 214 374 264 ShortSide_forGripper
pcd0626r 0.655 283 194 296 149 380 173 367 218 ShortSide_forGripper
