pcd0479r 0.263 375 197 391 204 382 226 366 219 longside
pcd0479r 0.279 384 157 392 176 371 184 363 165 longside
pcd0479r 0.287 295 248 316 242 326 273 305 279 longside
pcd0479r 0.291 343 123 363 134 352 154 332 143 longside
pcd0479r 0.291 371 139 382 157 360 170 349 152 longside
pcd0479r 0.299 276 124 298 118 305 141 283 147 longside
pcd0479r 0.312 379 150 386 170 366 177 359 157 longside
pcd0479r 0.314 334 119 354 129 343 150 323 140 longside
pcd0479r 0.320 372 182 389 186 383 209 366 205 longside
pcd0479r 0.326 283 119 291 140 270 148 262 127 longside
pcd0479r 0.328 216 232 233 221 245 239 228 250 longside
pcd0479r 0.330 243 233 261 244 248 264 230 253 longside
pcd0479r 0.333 237 228 253 245 237 261 220 245 longside
pcd0479r 0.345 367 170 386 166 390 187 371 191 longside
pcd0479r 0.361 295 142 298 121 320 123 317 144 longside
pcd0479r 0.375 219 165 238 172 232 192 213 185 longside
pcd0479r 0.392 209 183 226 184 224 208 207 207 longside
pcd0479r 0.406 358 129 373 147 355 162 340 144 longside
pcd0479r 0.427 363 213 378 228 362 244 347 229 longside
pcd0479r 0.429 306 250 331 239 341 265 316 276 longside
pcd0479r 0.430 317 116 339 121 334 145 312 140 longside
pcd0479r 0.436 210 221 229 213 237 232 218 240 longside
pcd0479r 0.448 366 205 384 214 373 234 355 225 longside
pcd0479r 0.458 243 132 264 120 278 145 257 157 longside
pcd0479r 0.474 307 117 329 121 324 146 302 142 longside
pcd0479r 0.474 234 141 252 128 269 150 251 163 longside
pcd0479r 0.492 329 237 350 225 364 248 343 260 longside
pcd0479r 0.507 231 145 249 158 236 176 218 163 longside
pcd0479r 0.508 321 240 345 230 358 259 334 269 longside
pcd0479r 0.543 219 154 241 162 232 185 210 177 longside
pcd0479r 0.544 206 205 223 199 229 218 212 224 longside
pcd0479r 0.547 225 152 241 136 258 153 242 169 longside
pcd0479r 0.566 212 173 232 179 227 200 207 194 longside
pcd0479r 0.635 225 205 233 224 214 232 206 213 longside
