pcd0150r 0.255 208 293 214 267 243 274 237 300 ShortSide_forGripper
pcd0150r 0.264 218 216 223 185 267 193 262 224 ShortSide_forGripper
pcd0150r 0.309 222 229 227 205 255 212 250 236 ShortSide_forGripper
pcd0150r 0.374 202 248 215 203 291 225 278 270 ShortSide_forGripper
pcd0150r 0.383 211 262 214 236 254 241 251 267 ShortSide_forGripper
pcd0150r 0.397 215 230 221 197 276 207 270 240 ShortSide_forGripper
pcd0150r 0.440 263 309 269 338 218 348 212 319 ShortSide_forGripper
pcd0150r 0.448 207 277 211 245 266 252 262 284 ShortSide_forGripper
pcd0150r 0.460 198 303 207 267 273 284 264 320 ShortSide_forGripper
pcd0150r 0.473 215 245 218 221 254 226 251 250 ShortSide_forGripper
pcd0150r 0.485 260 291 266 326 207 336 201 301 ShortSide_forGripper
pcd0150r 0.513 214 253 217 232 245 236 242 257 ShortSide_forGripper
pcd0150r 0.566 210 284 217 257 259 267 252 294 ShortSide_forGripper
pcd0150r 0.676 265 323 269 350 218 358 214 331 ShortSide_forGripper
