pcd0145r 0.250 210 129 215 96 277 106 272 139 ShortSide_forGripper
pcd0145r 0.474 214 143 220 112 279 122 273 153 ShortSide_forGripper
pcd0145r 0.492 283 271 291 308 218 324 210 287 ShortSide_forGripper
pcd0145r 0.505 262 229 268 262 203 274 197 241 ShortSide_forGripper
pcd0145r 0.579 200 178 205 141 279 151 274 188 ShortSide_forGripper
pcd0145r 0.583 204 161 211 126 279 138 272 173 ShortSide_forGripper
pcd0145r 0.602 196 197 202 159 275 172 269 210 ShortSide_forGripper
pcd0145r 0.616 185 233 192 180 276 190 269 243 ShortSide_forGripper
pcd0145r 0.636 274 197 287 254 193 274 180 217 ShortSide_forGripper
pcd0145r 0.645 277 252 287 291 214 309 204 270 ShortSide_forGripper
