pcd0247r 0.252 330 261 346 249 359 268 343 280 longside
pcd0247r 0.261 285 365 289 383 266 388 262 370 longside
pcd0247r 0.266 231 386 236 362 260 367 255 391 shortside
pcd0247r 0.270 292 217 315 225 307 250 284 242 longside
pcd0247r 0.282 340 274 360 271 363 293 343 296 longside
pcd0247r 0.314 203 331 215 353 192 366 180 344 longside
pcd0247r 0.326 283 363 305 355 314 378 292 386 longside
pcd0247r 0.327 311 225 331 235 322 256 302 246 longside
pcd0247r 0.340 210 347 229 358 215 382 196 371 longside
pcd0247r 0.346 221 381 228 359 250 366 243 388 longside
pcd0247r 0.355 252 219 261 242 235 252 226 229 longside
pcd0247r 0.362 337 268 352 262 360 281 345 287 longside
pcd0247r 0.364 345 287 364 288 362 312 343 311 longside
pcd0247r 0.385 294 356 318 340 335 367 311 383 longside
pcd0247r 0.401 219 352 236 362 222 385 205 375 longside
pcd0247r 0.402 207 339 222 358 200 376 185 357 longside
pcd0247r 0.412 242 225 251 248 227 258 218 235 longside
pcd0247r 0.450 201 249 217 232 238 250 222 267 longside
pcd0247r 0.452 231 386 236 362 260 367 255 391 longside
pcd0247r 0.455 342 303 361 307 357 328 338 324 longside
pcd0247r 0.455 172 323 195 317 201 340 178 346 longside
pcd0247r 0.492 339 312 362 324 350 347 327 335 longside
pcd0247r 0.494 181 277 201 281 196 306 176 302 longside
pcd0247r 0.511 188 258 210 267 201 291 179 282 longside
pcd0247r 0.511 336 321 358 335 343 358 321 344 longside
pcd0247r 0.519 311 349 329 327 352 346 334 368 longside
pcd0247r 0.535 173 305 194 302 198 326 177 329 longside
pcd0247r 0.564 176 286 199 287 197 313 174 312 longside
pcd0247r 0.599 198 248 219 262 205 283 184 269 longside
pcd0247r 0.627 208 240 229 255 213 277 192 262 longside
