pcd0631r 0.290 312 226 316 194 355 199 351 231 longside
pcd0631r 0.316 339 233 343 264 276 272 272 241 longside
pcd0631r 0.317 317 255 342 252 346 280 321 283 longside
pcd0631r 0.323 289 257 307 254 310 278 292 281 longside
pcd0631r 0.366 319 271 322 295 292 298 289 274 longside
pcd0631r 0.486 346 243 350 285 289 290 285 248 longside
pcd0631r 0.514 278 263 278 213 362 213 362 263 longside
pcd0631r 0.540 351 273 352 302 292 304 291 275 longside
pcd0631r 0.583 286 195 291 162 357 174 352 207 longside
pcd0631r 0.586 276 228 283 182 361 193 354 239 longside
